2975,2394,3071,2440,1189,1318,4101,2309,3145,1713,3251,2667,1177,3471,1006,1498,1433,2390,4165,4057,3024,3324,1284,2615,3028,3562,4197,323,2561,4035,3075,3833,629,301,3008,2100,4013,559,857,3575,3508,3021,1111,273,783,2770,2606,1385,2882,2703,547,1082,4048,3580,3115,1800,4294,1598,2874,2054,2956,1656,3610,1791,1691,3549,168,2276,1486,258,4146,2910,2300,4231,2552,3712,957,2206
-0.014,-0.07,-0.261,0.316,-0.309,-30.0,0.001,-0.227,-0.204,-30.0,-0.061,-30.0,-30.0,0.029,-30.0,-0.352,0.0,-0.256,-0.035,0.009,-0.049,0.088,-0.302,-0.08,0.143,-0.125,0.015,0.074,0.222,-0.006,-0.191,-0.052,0.091,0.142,-0.1,0.053,-0.039,0.054,0.031,0.168,-0.228,0.098,0.035,0.131,-0.16,-0.166,0.122,0.031,0.07,0.195,0.047,0.069,-0.089,0.062,-0.178,-30.0,-30.0,-0.214,0.149,-0.117,-0.16,0.193,0.033,0.23,0.301,0.044,0.041,-0.132,-0.14,0.034,0.066,-0.05,-0.081,0.042,-0.056,0.05,-0.185,0.144
-0.127,0.36,0.219,-0.045,-0.163,-0.031,0.045,0.061,-0.098,0.251,0.038,-0.042,-0.043,0.074,-30.0,-0.195,-0.115,0.286,-0.043,-0.042,0.088,0.075,-0.158,-0.131,0.145,-0.144,-0.215,0.179,0.345,0.137,0.359,-0.008,0.009,0.148,0.057,0.014,0.011,-0.043,-0.06,0.269,-0.014,0.099,-0.081,-0.075,-0.035,0.199,-0.207,-0.18,0.049,0.096,0.011,0.1,-0.115,0.365,0.006,0.078,-0.145,-0.132,-0.216,-30.0,-0.195,0.269,0.184,-0.024,0.131,-0.071,-0.139,0.062,-0.124,-0.083,0.046,-0.142,-0.04,-0.22,-0.185,-0.124,-0.082,0.278
-0.158,0.13,-0.05,-0.059,-0.174,0.013,0.065,0.004,-0.189,0.243,-0.146,-0.106,-0.034,0.027,-30.0,-0.173,-0.177,0.119,0.105,0.059,-0.002,0.064,-0.024,-0.072,0.034,-0.197,0.086,0.007,0.074,0.202,-0.047,0.189,-0.007,-0.067,-0.19,0.197,-0.117,-0.023,-0.095,0.086,-0.022,-0.044,0.005,-0.005,-0.102,-0.048,0.124,-0.033,-0.071,0.314,-0.297,0.034,0.063,-0.144,-0.235,0.092,0.106,-0.185,-0.204,-30.0,-0.182,0.327,-0.138,-0.063,0.335,-0.055,0.081,-0.094,-0.062,-0.017,0.062,-0.101,-0.052,0.192,-0.091,0.023,0.025,0.384
-0.07,-0.047,0.018,-0.125,-0.053,0.013,-0.064,0.416,0.014,0.172,0.031,-0.035,0.004,0.149,0.317,-0.073,0.109,-0.2,-0.02,-0.036,0.134,0.049,-0.016,-0.145,0.198,-0.174,-0.009,0.041,0.104,-0.156,0.011,-0.052,0.001,-0.043,0.008,-0.106,-0.339,-0.039,0.099,0.095,0.079,-0.062,-0.194,-0.032,-0.07,0.132,-0.124,0.069,0.059,-0.035,-0.295,0.057,-0.036,-0.151,0.0,0.116,0.047,0.09,-0.014,-30.0,-0.129,0.1,-0.238,-0.07,0.04,0.042,0.1,0.046,0.018,-0.075,-0.024,-0.132,0.138,0.024,0.036,0.089,0.024,-0.002
-0.024,0.094,-0.007,-0.066,-0.095,-0.054,-0.14,-0.103,0.019,0.026,-0.044,0.021,0.079,0.006,-30.0,-0.247,0.513,0.046,-0.25,0.119,0.053,0.091,-0.257,0.065,0.118,-0.251,0.004,-0.23,0.121,0.075,0.063,-0.119,0.029,-0.273,-0.074,0.041,-0.293,-0.075,0.072,0.179,-0.282,0.085,0.103,0.655,-0.053,-0.138,0.223,0.37,-0.056,0.066,-0.084,0.132,-0.189,0.026,0.002,0.051,-0.073,0.03,-0.24,-30.0,-0.103,0.083,0.006,-0.035,0.104,-0.185,0.0,-0.254,-0.167,0.504,-0.191,0.008,-0.19,-0.045,0.011,0.029,-0.203,-0.103
-0.116,0.083,0.019,-0.277,-0.301,0.435,0.306,-0.126,-0.122,0.05,-0.153,-0.161,-0.173,0.192,-30.0,-0.053,0.057,0.013,0.221,0.002,-0.028,-0.04,-0.211,0.044,0.052,-0.282,-0.048,0.072,0.001,0.152,0.002,-0.069,-0.086,0.031,-0.139,0.154,-0.004,-0.032,0.116,0.37,-0.119,-0.047,0.004,0.097,-0.126,-0.264,-0.029,0.297,0.316,0.054,-0.223,0.256,0.0,-0.05,0.016,0.873,-0.142,0.016,0.081,-30.0,-0.181,0.283,-0.052,0.172,0.16,-0.116,0.015,-0.172,0.12,0.082,0.295,-0.004,-0.079,-0.054,-0.186,0.253,-0.199,0.984
-0.069,-0.311,-0.063,-0.018,-0.39,-0.042,0.097,-0.041,-0.179,-0.032,0.13,-0.21,-0.272,0.228,0.284,0.046,0.16,-0.358,0.11,0.012,0.18,0.066,-0.18,-0.357,0.294,-0.05,0.022,-0.169,0.298,-0.014,-0.152,0.146,-0.21,-0.237,0.078,0.117,-0.071,-0.237,-0.384,0.379,0.02,0.102,0.029,-0.157,-0.131,-0.342,0.143,0.118,0.095,1.269,-0.26,0.127,-0.047,0.116,-0.208,-0.368,0.316,0.182,0.032,-30.0,-0.055,0.153,0.04,-0.393,0.107,0.175,-0.035,-0.253,0.165,-0.175,0.156,0.02,0.01,0.01,0.065,-0.034,-0.482,0.569
0.075,0.295,-0.028,0.115,-0.361,0.065,0.203,-0.135,-0.099,0.116,-0.103,-0.032,-0.312,0.173,0.199,0.0,-0.256,0.143,-0.004,-0.091,-0.075,0.139,0.034,-0.206,0.002,-0.217,0.311,0.052,0.013,-0.026,-0.125,-0.037,0.417,-0.154,0.178,-0.096,0.058,0.003,0.108,0.346,0.054,-0.094,-0.036,0.044,0.22,0.092,-0.014,0.274,0.022,0.047,-0.061,0.136,-0.168,-0.148,-0.202,-0.083,-0.024,0.238,0.008,-0.087,0.193,-0.062,-30.0,-0.181,-0.057,-0.074,0.08,-0.217,0.067,-0.029,0.106,-0.11,0.188,-0.015,-0.135,0.341,-0.359,0.439
-0.252,0.314,0.009,0.115,-0.382,-0.114,-0.114,0.059,0.599,0.241,-0.212,-0.007,-0.265,0.144,-30.0,-0.252,-0.088,0.04,-0.282,0.426,-0.112,0.447,-0.246,-0.175,-0.135,-0.262,-0.212,-0.271,0.073,0.257,0.129,-0.144,0.384,-0.339,-0.241,-0.369,-0.362,-0.272,0.07,-0.103,0.156,-0.141,0.217,-0.27,-0.003,0.041,0.143,1.054,-0.125,0.213,-0.339,0.35,0.147,-0.188,0.046,0.335,-0.25,-0.213,-0.114,-30.0,-0.28,0.247,-0.223,0.144,0.039,-0.149,0.358,0.204,-0.113,-0.138,-0.061,-0.225,0.05,-0.177,0.045,-0.184,-0.305,0.216
-0.082,0.065,-0.049,0.035,-0.134,-0.008,0.049,0.154,-0.085,0.262,-0.108,-0.002,-0.043,0.02,0.225,-0.182,-0.102,0.032,-0.066,0.191,-0.054,0.097,-0.026,-0.037,0.051,-0.072,-0.152,0.101,0.041,0.045,-0.149,-0.014,-0.018,0.047,-0.099,-0.122,-0.159,-0.041,0.087,0.14,-0.077,-0.004,-0.127,0.023,0.036,0.129,0.072,-0.28,-0.071,0.066,0.019,0.259,0.287,-0.021,-0.15,0.016,-0.162,-0.143,0.039,-30.0,-0.06,0.359,-0.103,-0.154,0.062,0.07,0.058,0.53,-0.053,0.001,0.131,-0.123,0.28,-0.142,-0.08,0.023,-0.099,0.283
0.036,0.038,0.028,-0.122,-0.051,-0.061,-0.007,0.091,-0.12,0.002,-0.116,-0.007,-0.119,0.106,0.133,-0.108,-0.093,0.006,-0.101,-0.019,-0.087,-0.007,-0.043,-0.006,-0.038,-0.109,-0.026,0.139,0.028,-0.04,-0.011,0.056,-0.033,-0.052,-0.117,0.025,-0.015,0.0,-0.039,0.143,-0.077,-0.051,0.026,-0.015,0.083,0.054,0.054,0.12,0.013,0.046,-0.027,0.19,-0.064,-0.058,-0.136,0.054,-0.002,-0.09,0.002,-30.0,0.045,0.2,-0.043,-0.087,0.131,-0.014,-0.016,0.035,-0.016,0.014,0.036,-0.094,0.053,0.097,-0.071,0.119,-0.119,0.032
0.025,-0.038,-0.428,0.014,-0.257,-0.085,0.065,-0.168,-0.551,0.129,-0.194,-0.215,-0.234,-0.084,0.137,-0.199,-0.209,-0.158,-0.014,0.081,0.116,-0.049,0.085,-0.13,0.233,-0.274,-0.009,0.448,0.213,0.052,-0.204,-0.123,0.256,0.378,0.084,-0.128,-0.117,0.157,-0.217,0.111,-0.238,0.01,0.042,0.275,-0.209,-0.097,0.136,0.122,-0.066,-0.153,0.168,0.271,0.11,0.024,-0.419,0.081,0.028,-0.233,0.01,-30.0,0.091,0.629,-0.121,-0.102,0.394,0.089,0.058,0.063,-0.131,0.221,0.222,-0.191,-0.154,0.052,0.031,0.277,-0.03,0.178
-0.033,0.022,-0.01,-0.097,-0.059,0.055,-0.025,0.009,-0.042,0.101,-0.013,-0.023,-0.048,0.254,0.104,0.144,0.23,-0.104,-0.066,0.034,0.049,0.08,0.035,0.008,0.16,-0.078,-0.003,-0.054,0.123,0.081,-0.081,-0.027,-0.089,-0.049,-0.011,0.083,-0.065,-0.053,0.005,0.249,-0.081,-0.074,-0.089,-0.052,-0.087,0.085,0.108,0.174,-0.047,0.028,-0.047,-0.037,-0.073,-0.048,-0.024,0.058,-0.018,0.206,0.001,-30.0,-0.026,-0.012,-0.128,-0.102,0.095,0.038,0.032,-0.041,0.219,-0.073,0.045,-0.107,0.016,-0.017,0.069,0.049,0.004,0.292
-0.113,0.029,0.3,-0.122,-0.178,0.108,0.06,-0.212,-0.232,0.383,0.056,0.047,-0.108,-0.055,0.069,-0.214,-0.157,-0.187,0.059,0.093,-0.01,0.091,-0.011,-30.0,0.052,-0.243,-0.037,-0.073,0.096,0.356,0.163,-0.148,-0.042,-0.065,-0.069,0.099,-0.096,-0.012,0.1,0.046,-0.171,-0.066,0.041,-0.18,-0.039,0.128,0.031,0.395,0.004,0.03,-0.073,0.211,-0.098,0.803,-0.133,0.131,-0.089,-0.246,0.065,-30.0,-0.113,0.157,-0.089,-0.067,0.153,-0.174,0.043,-0.018,0.044,-0.102,0.312,-0.033,-0.136,-0.153,0.052,0.082,-0.25,0.726
-0.021,0.048,0.067,-0.057,-0.089,0.07,0.084,-0.014,-0.049,0.075,-0.07,-0.015,0.032,0.122,-30.0,-0.118,-0.021,0.02,-0.011,0.119,0.031,0.14,-0.086,-0.007,0.111,-0.063,-0.009,-0.026,0.103,-0.031,0.041,-0.171,-0.048,-0.057,-0.005,-0.019,-0.167,-0.27,0.18,0.122,-0.075,0.025,-0.038,-0.01,-0.131,0.172,0.027,-0.076,0.056,0.021,-0.276,-0.071,-0.072,0.021,-0.008,0.002,0.005,0.027,-0.058,-30.0,-0.175,0.081,-0.03,-0.185,0.063,0.069,0.046,-0.011,-0.058,-0.071,-0.018,-0.012,-0.047,-0.05,-0.01,0.025,-0.006,0.127
0.141,-0.03,-0.105,-0.102,-0.095,0.065,-0.009,0.052,-0.438,0.059,-0.005,-0.066,-0.112,0.398,0.145,-0.08,0.016,0.006,0.018,-0.048,0.347,-0.078,-0.087,0.002,0.384,-0.214,-0.295,-0.014,0.147,0.237,-0.234,-0.098,0.057,-0.141,0.293,0.044,-0.018,-0.289,-0.178,0.328,-0.051,0.194,-0.028,-0.111,-0.117,-0.132,0.026,0.357,0.144,0.116,-0.362,-0.014,-0.026,-0.047,-0.304,0.054,-0.056,0.136,0.025,-30.0,0.111,0.121,-0.082,-0.239,0.015,-0.161,-0.013,-0.102,0.015,-0.116,0.045,0.112,-0.008,-0.276,-0.04,0.274,-0.038,0.039
0.113,0.182,-0.325,-0.091,0.005,0.013,-0.18,-0.097,-0.452,0.261,-0.006,0.261,0.033,0.333,-30.0,0.173,0.233,0.061,-0.457,-0.283,0.281,-0.155,-0.002,0.352,0.336,0.058,-0.519,-0.376,0.122,0.345,-0.341,-0.224,-0.178,-0.443,0.184,0.233,0.153,-0.205,-0.166,0.66,-0.475,0.193,0.098,-0.356,-0.22,-0.314,-0.451,0.289,0.151,0.758,-0.262,0.097,-0.418,0.29,-0.348,-0.318,-0.4,0.267,0.119,-30.0,0.109,0.355,0.143,-0.315,0.291,0.382,-0.277,-0.079,0.364,-0.316,-0.245,0.096,-0.436,-0.521,0.049,0.359,0.183,0.449
0.042,0.105,0.065,-0.038,-0.02,0.075,-0.236,-0.12,-0.012,-0.006,0.046,-0.007,-0.015,-0.002,-0.119,-0.074,-0.035,0.008,-0.308,-0.035,0.228,0.031,-0.419,-0.304,0.217,-0.186,-0.053,-0.377,0.064,0.078,0.058,0.029,0.03,-0.349,0.037,0.051,-0.242,-0.075,-0.014,0.16,-0.435,-0.035,-0.068,-0.393,-0.078,-0.361,0.134,0.034,0.088,1.331,-0.171,0.028,-0.029,-0.02,0.08,0.016,0.034,0.065,-0.039,-0.022,-0.05,0.151,-0.255,-0.048,0.129,0.16,-0.394,0.013,0.07,-0.354,-0.302,-0.042,-0.007,0.061,0.102,-0.323,0.088,-0.016
0.266,0.605,-0.104,-0.209,-0.281,-0.319,-0.083,0.228,-0.266,0.041,0.101,0.065,-0.242,0.388,-0.039,0.031,-0.01,0.405,-0.229,-0.038,-0.074,-0.129,-0.197,0.096,-0.043,-0.283,-0.247,-0.194,-0.171,-0.008,-0.193,0.085,-0.251,-0.242,0.292,0.1,-0.021,-0.19,-0.254,0.421,-0.228,0.255,-0.054,-0.189,-0.26,0.093,-0.014,-0.019,0.304,0.0,-0.274,0.041,0.165,-0.162,-0.219,0.057,-0.202,0.048,0.263,0.308,0.227,0.171,-0.363,-0.008,0.137,-0.117,-0.241,0.421,0.184,-0.165,-0.037,0.248,0.138,-0.121,-0.164,-0.159,0.001,0.315
0.036,0.026,0.019,-0.022,-0.027,0.108,0.011,-0.006,-0.056,0.039,0.015,0.071,0.103,0.088,-30.0,-0.014,0.129,-0.085,-0.017,-0.009,0.12,0.083,0.005,-0.178,0.164,-0.291,-0.063,0.005,-0.159,-0.21,0.051,-0.067,-0.011,0.035,0.006,-0.056,0.028,-0.023,0.149,0.049,-0.385,0.057,-0.371,-0.033,-0.121,0.105,-0.463,-0.014,0.031,-0.042,-0.138,-0.043,0.027,-0.083,-0.039,0.071,0.048,0.015,-0.016,-0.044,-0.075,0.109,-0.083,-0.107,0.135,-0.19,0.016,0.032,-0.007,-0.126,0.082,-0.066,0.073,-0.007,-0.281,-0.181,-0.186,-0.048
-0.066,0.086,0.229,0.638,-0.158,0.232,-0.122,-0.173,-0.159,-0.017,-0.011,-0.046,-0.102,-0.156,0.128,-0.21,0.019,0.047,-0.138,-0.003,-0.074,0.244,0.333,-0.308,0.024,0.203,-0.082,0.051,0.01,0.191,0.084,-0.036,0.225,0.026,-0.123,0.057,-0.008,0.158,-0.015,0.133,0.158,-0.123,-0.241,0.077,0.078,-0.034,-0.307,-0.07,0.067,-0.177,0.05,0.174,0.06,-0.008,-0.174,-0.074,0.022,0.044,0.203,-0.208,-0.041,0.218,-0.121,-0.138,0.242,0.009,-0.193,-0.102,-0.18,-0.035,0.012,-0.096,-0.163,0.155,-0.064,0.058,-0.18,0.063
0.398,0.07,-0.322,-0.051,0.101,0.163,-0.404,-0.149,-0.441,0.004,0.215,0.006,0.153,0.421,-30.0,0.057,0.194,-0.079,-0.432,-0.076,0.5,0.047,0.022,-0.109,0.637,-0.09,-0.216,-0.191,0.07,0.001,-0.381,-0.13,-0.042,-0.195,0.42,0.092,0.015,-0.091,0.034,0.151,0.49,0.304,-0.164,-0.18,-0.108,-0.327,-0.071,0.105,0.409,0.205,-0.112,-0.055,-0.051,0.018,-0.38,-0.008,-0.087,0.111,0.381,-30.0,0.273,0.018,-0.123,-0.026,0.007,0.087,-0.286,0.032,0.123,-0.293,-0.309,0.23,-0.052,-0.113,0.056,0.149,-0.025,-30.0
-0.099,0.131,0.8,0.22,-0.282,0.235,-0.226,-0.266,-0.3,-0.069,-0.19,-0.259,-0.273,0.159,-30.0,-0.175,0.013,0.055,0.139,-0.31,0.124,0.057,0.338,-0.235,0.186,-0.378,-0.277,-0.14,-0.04,0.178,1.126,-0.256,0.174,-0.245,-0.021,-0.014,-0.124,0.063,0.126,0.207,-30.0,-0.049,-0.374,-0.24,0.093,-0.185,-0.164,0.056,0.163,-0.078,-0.081,-0.264,-0.296,0.777,-0.203,-0.025,0.111,0.228,0.156,-0.235,0.006,0.335,-0.408,-0.063,0.081,-0.08,-0.252,-0.083,0.206,-0.126,0.312,-0.067,-0.103,0.077,-0.008,0.62,-0.197,-30.0
-0.265,0.207,-0.105,-0.009,-0.377,-0.173,-0.025,0.171,0.055,-0.205,-0.2,0.49,-0.312,-0.177,-30.0,-0.86,-0.192,0.075,-0.25,0.0,-0.069,-0.12,-0.026,-0.162,-0.08,-0.162,-0.786,0.195,-0.11,0.05,-0.235,0.474,0.457,0.031,-0.239,-0.367,-0.457,-0.26,-0.147,1.517,-0.83,-0.124,0.187,-0.343,0.31,-0.7,-0.55,0.344,1.06,0.37,-0.242,0.389,0.831,0.554,0.092,0.175,-0.224,-0.767,-0.266,0.265,1.161,0.277,0.35,-0.077,0.121,0.257,0.158,0.323,-0.704,0.002,0.189,-0.208,0.142,0.121,-0.224,0.416,-0.165,-30.0
0.031,-0.063,0.048,-0.054,-0.066,-0.005,-0.035,0.042,-0.081,-0.037,0.031,-0.162,0.091,0.006,0.305,0.042,-0.218,-0.137,-0.006,0.024,0.062,0.091,0.026,-0.176,0.091,-0.204,0.074,0.062,-0.016,0.204,-0.037,-0.12,0.021,-0.015,0.046,0.118,-0.096,-0.065,0.025,0.057,-0.255,0.047,0.044,-0.021,-0.026,-0.072,0.037,0.239,0.128,-0.089,-0.273,0.14,-0.046,-0.072,-0.043,0.363,0.008,-0.077,0.037,-0.154,0.057,0.542,-0.22,-0.063,0.144,-0.162,0.023,-0.044,0.16,-0.035,0.06,0.035,0.049,0.022,-0.041,-0.124,-0.097,-30.0
-0.203,-0.051,-0.163,-0.193,0.085,-0.008,0.108,0.118,-0.427,0.246,-30.0,0.042,0.094,0.067,0.325,-0.345,-0.264,-0.009,0.099,-30.0,-30.0,-0.025,-0.06,0.083,-30.0,-30.0,0.093,-0.283,-0.124,0.053,-0.242,-0.03,-0.476,-0.323,-0.215,0.027,-30.0,-0.505,0.041,0.243,-0.761,-0.178,0.167,-0.101,-30.0,-0.175,0.082,0.241,-30.0,0.047,-0.427,0.538,-0.07,-0.028,-30.0,0.081,0.138,-0.53,-0.077,-0.161,-0.191,0.166,-0.22,-0.126,0.226,-0.109,-30.0,-0.008,-0.179,-30.0,0.134,-0.16,-0.084,-0.085,-0.195,0.03,-0.734,-30.0
0.622,-0.162,0.015,0.014,0.224,-0.287,-0.561,0.155,-0.012,-0.204,-0.192,0.086,0.271,-0.225,-30.0,-0.253,-0.759,-0.155,-0.664,-0.104,-0.181,-0.207,-0.224,0.568,-0.125,-0.332,0.197,0.186,0.014,-0.037,0.035,-0.005,0.278,0.034,-0.176,-0.209,-0.122,0.239,0.18,0.057,-0.529,-0.227,-0.204,0.036,0.266,0.135,0.031,-0.173,0.451,0.248,0.106,0.0,0.042,-0.204,-0.026,-0.163,0.261,-0.361,0.701,0.112,-0.199,0.139,-0.266,-0.103,0.006,-0.112,-0.326,0.632,-0.253,0.216,-0.402,-0.209,0.426,0.263,0.076,0.144,-0.156,-30.0
-0.023,0.198,0.321,0.346,-0.284,-0.07,-0.035,0.208,0.18,0.017,-0.194,-0.163,-0.212,0.195,0.113,-0.24,-0.177,0.148,-0.047,0.088,0.243,-0.132,-0.083,-0.208,0.331,-0.263,0.422,-0.029,0.026,0.049,0.297,-0.222,0.128,0.028,0.084,-0.006,-0.052,0.077,0.029,-0.023,0.181,0.018,-0.167,-0.085,0.026,0.161,-0.031,0.209,0.076,0.048,-0.055,0.075,0.509,0.272,0.183,0.034,-0.21,-0.055,0.05,-0.18,0.01,0.444,0.761,-0.056,0.309,0.005,-0.062,-0.354,-0.213,-0.128,0.079,0.053,0.365,-0.127,-0.008,0.178,-0.023,0.443
0.094,0.055,0.079,-0.014,-0.353,-0.293,-0.335,-0.027,0.549,0.056,-0.202,-0.024,-0.397,0.073,-30.0,0.03,-0.015,0.151,-0.408,-0.072,0.24,-0.129,-0.292,-0.105,0.254,-0.416,-0.186,-0.074,0.061,0.036,0.09,-0.183,0.092,-0.08,0.138,-0.01,-0.101,0.058,0.027,0.083,-0.318,0.007,0.226,-0.141,0.079,-0.32,0.012,0.083,0.12,-0.24,-0.131,0.696,0.186,0.125,0.077,0.052,-0.014,0.109,0.057,-30.0,0.187,0.172,-0.007,0.129,0.104,-0.384,-0.277,0.08,0.087,-0.094,-0.334,-0.019,0.035,-0.123,0.127,0.277,-0.342,-30.0
-0.073,0.092,0.04,0.138,-0.089,0.024,-0.048,-0.012,0.23,0.007,-0.027,0.006,-0.035,-0.034,-30.0,0.017,-0.212,0.0,-0.1,-0.014,-0.048,0.004,-0.011,-0.16,0.025,-0.086,-0.092,-0.003,-0.015,0.041,-0.05,0.038,0.054,0.008,0.008,-0.077,-0.112,0.014,-0.043,0.039,0.123,-0.063,-0.123,-0.03,0.058,-0.005,-0.072,0.071,0.088,-0.144,-0.076,0.111,0.04,-0.077,0.022,0.245,0.017,0.0,-0.133,-30.0,-0.054,0.039,-0.084,0.059,0.15,-0.004,-0.148,0.098,-0.051,-0.012,-0.066,-0.1,0.156,-0.007,-0.02,0.101,-0.009,-0.062
-0.056,-0.167,-0.035,-0.054,-0.025,-0.174,0.114,-0.097,-0.071,-0.144,0.065,-30.0,-30.0,0.474,-30.0,-30.0,-30.0,-0.132,-0.073,-0.104,0.201,-30.0,-0.19,-0.001,0.08,-0.031,-0.033,-0.276,0.113,0.041,-0.026,0.024,0.049,-0.288,0.008,-30.0,-30.0,-30.0,-0.126,0.013,-0.352,-0.026,-0.015,-0.269,0.031,0.083,-0.005,0.048,-0.05,0.142,-30.0,-30.0,0.056,-0.067,0.008,-30.0,-30.0,-0.049,-0.192,-0.326,-0.159,0.016,-30.0,-30.0,0.188,0.088,-0.334,-30.0,-30.0,-0.173,0.109,-0.092,-0.124,-0.151,-0.048,-30.0,0.099,0.081
-0.049,0.157,-0.037,-0.102,-30.0,0.021,0.203,-0.136,-0.186,0.007,-0.103,-0.171,-0.083,0.029,-30.0,0.049,-0.081,0.065,-0.232,0.023,-0.029,0.096,-0.054,0.16,0.005,0.016,-0.022,-0.052,0.054,0.164,0.004,0.16,-0.053,-0.16,-0.038,0.185,-30.0,-0.115,0.032,0.21,-0.473,0.113,0.07,0.0,0.106,-0.286,0.258,-0.093,-0.07,0.58,0.034,-0.141,-0.045,0.153,-0.093,-0.179,-0.008,-0.129,-30.0,-0.027,-0.069,0.018,0.071,-0.33,0.132,-0.064,0.052,-30.0,0.15,-0.013,-0.254,0.037,-0.196,0.081,0.003,0.021,-0.045,-0.055
0.058,0.02,0.002,0.002,-30.0,-0.549,0.059,0.193,-0.608,0.0,-0.624,-0.036,-0.588,-0.044,0.162,-0.627,-30.0,-0.064,0.347,-0.109,0.093,-30.0,0.765,-0.02,0.092,-0.4,-0.09,0.01,-0.075,-0.07,0.031,0.397,0.048,0.439,-0.121,-30.0,0.25,-30.0,0.014,-0.349,-0.388,-0.007,0.569,0.027,-0.489,0.564,-0.367,0.247,-0.032,0.51,-0.206,0.471,0.064,-0.428,-0.609,0.463,-1.183,-0.667,-0.042,-0.098,-0.058,0.037,-30.0,0.331,0.027,-0.233,-0.004,-30.0,-0.644,-0.033,0.087,-0.089,0.343,0.196,-0.105,0.398,-0.621,0.009
0.022,0.058,0.064,0.022,-0.305,-0.295,-0.108,-0.055,-0.005,0.006,0.051,0.042,-0.24,-0.015,0.017,-0.033,-0.204,0.028,-0.141,-0.078,0.074,-0.063,-0.101,-0.058,0.125,-0.176,-0.035,-0.232,-0.061,0.011,-0.035,0.023,-0.014,-0.238,-0.018,-0.008,-0.045,-0.039,-0.075,-0.001,-0.25,-0.05,-0.132,0.304,-0.002,-0.086,-0.063,-0.014,0.055,-0.1,-0.051,0.005,0.005,-0.029,-0.022,-0.027,0.038,-0.043,0.028,-0.008,0.042,0.074,-0.113,-0.009,0.151,0.029,0.128,0.026,0.02,0.189,0.083,-0.109,-0.178,0.079,0.069,0.1,-0.085,-0.098
0.0,0.019,-0.373,-0.187,-0.078,0.05,0.027,-0.422,-0.458,0.143,-0.464,-0.078,-0.047,0.267,-30.0,-0.408,0.057,-0.091,0.031,0.173,0.171,0.26,-0.152,0.039,0.213,-0.233,-0.096,-0.008,0.349,0.243,-0.275,0.005,-0.136,-0.075,-0.091,0.199,0.672,-0.141,0.263,-0.084,-30.0,0.049,0.042,-0.173,-0.121,-0.103,0.252,0.166,-0.008,0.624,-0.112,-0.017,-0.195,-0.121,-0.463,-0.053,-0.088,0.344,0.048,-0.181,-0.153,-0.032,-0.078,-0.263,0.033,0.081,0.19,-0.115,-0.22,-0.198,0.027,-0.099,-0.487,-0.073,0.046,-0.067,0.07,0.046
-0.174,0.027,0.408,0.016,-0.404,-0.203,0.113,0.161,0.439,0.075,-0.053,0.19,-0.41,-0.206,0.323,-0.271,-0.294,-0.003,-0.159,0.02,-0.138,-0.105,-0.022,-0.1,-0.145,0.117,0.016,0.09,0.05,-0.027,0.349,-0.096,0.299,0.093,-0.405,0.037,0.009,0.152,-0.305,0.194,-0.196,-0.055,-0.181,0.145,-0.016,-0.237,0.076,-0.235,-0.336,0.328,0.38,0.099,0.062,0.098,-0.453,0.287,-0.104,-0.416,-0.088,-30.0,-0.152,0.306,-0.149,0.373,0.119,-0.033,0.059,0.396,-0.322,0.238,0.307,-0.133,-0.021,0.221,0.053,0.267,-0.181,-30.0
-0.007,0.053,0.041,-0.287,-0.069,-0.059,-0.252,-0.079,0.02,-0.007,-0.298,0.058,0.04,-0.027,0.244,-0.024,-0.02,-0.006,-0.211,-0.209,0.126,-0.199,0.004,-0.074,0.137,-0.002,-0.007,0.018,-0.258,-0.012,-0.016,-0.233,0.001,0.004,-0.04,0.0,0.009,-0.014,0.059,0.088,-0.339,-0.022,-0.063,-0.002,-0.011,0.053,-0.081,-0.052,0.069,-0.03,-0.087,-0.015,-0.223,-0.041,0.002,0.034,0.035,0.057,-0.043,-0.019,0.011,0.084,-0.044,-0.113,0.136,0.073,-0.009,-0.191,0.098,-0.028,-0.142,-0.008,-0.3,0.021,-0.181,0.091,-0.244,-0.037
-0.198,-0.023,0.318,0.054,-0.238,-0.199,0.119,0.013,0.04,0.02,-0.235,0.602,-0.213,0.072,0.032,-0.263,-0.261,-0.007,0.081,-0.135,-0.176,-0.159,0.115,0.019,-0.183,-0.199,0.358,0.119,-0.081,0.056,0.289,0.316,0.028,0.149,-0.241,-0.049,0.062,-0.108,0.105,0.205,-0.056,-0.185,0.197,0.038,-0.167,0.016,-0.132,-0.011,0.131,-0.062,-0.054,0.313,-0.215,0.03,0.118,0.055,0.007,-0.088,-0.044,-0.066,-0.155,-0.155,-0.043,0.045,0.076,-0.158,0.088,0.039,-0.164,0.244,0.142,-0.138,-0.17,0.141,-0.18,0.767,-0.271,-0.053
-0.018,0.1,-0.087,0.1,-0.045,-0.132,-0.003,-0.037,-0.028,0.045,-0.075,-0.059,-0.058,-0.136,-30.0,-0.135,0.001,0.032,0.009,-0.08,0.001,-0.124,0.004,-0.061,0.012,0.11,-0.065,0.053,-0.031,0.024,-0.008,0.132,0.089,0.013,-0.063,0.089,-0.161,0.113,-0.095,0.07,-0.072,-0.027,-0.115,0.006,0.012,-0.045,0.14,0.083,0.104,-0.049,-0.055,0.013,0.011,0.084,-0.028,-0.027,-0.069,-0.076,0.118,-30.0,-0.029,0.437,0.063,-0.028,0.332,0.113,-0.1,0.023,-0.135,0.033,0.013,-0.013,0.013,-0.072,-0.03,0.008,-0.012,-30.0
0.059,0.004,-0.074,0.336,-0.116,0.175,-0.212,-0.186,-0.079,0.13,-0.019,-0.069,-0.132,0.122,-30.0,-0.209,-0.199,-0.066,0.524,-0.038,0.099,0.043,0.138,-0.081,0.179,-0.237,-0.285,-0.123,-0.037,0.105,-0.156,0.079,-0.098,-0.092,0.079,0.266,0.192,-0.057,-0.003,-0.021,-0.047,0.018,-0.221,0.138,-0.043,0.018,-0.071,-0.055,0.108,0.408,-0.117,0.089,-0.05,-0.131,-0.105,0.056,-0.179,-0.298,0.073,-30.0,0.023,0.195,-0.087,-0.076,0.189,-0.183,0.073,-0.152,-0.226,0.017,0.019,0.008,0.055,-0.211,-0.165,-0.038,-0.085,-30.0
-0.061,0.09,0.022,0.085,-0.263,-0.002,0.179,-0.181,-0.075,-30.0,-0.004,-0.049,-0.138,0.107,-30.0,-0.068,0.286,0.0,0.141,0.092,-0.013,0.08,-0.118,-0.001,0.134,0.319,-0.039,-0.327,0.248,0.146,-0.02,-0.194,-0.168,-0.265,-0.095,0.028,0.069,-0.115,-0.136,0.319,-0.27,0.037,0.131,-0.187,-0.214,0.044,0.314,0.277,0.092,0.059,-0.053,0.115,0.097,-0.16,-0.049,-0.101,0.064,0.068,-0.133,-0.307,-0.081,-0.026,-0.188,-0.268,0.14,-0.094,-0.316,0.082,0.085,-0.227,0.169,-0.114,-0.105,-0.009,0.142,0.319,-0.106,0.013
-0.027,-0.23,0.046,0.134,-0.429,-0.388,-0.287,-0.4,-0.036,0.002,0.075,-0.003,-0.413,0.129,0.36,0.018,-30.0,-0.155,-0.332,-0.044,0.107,-30.0,-0.337,0.134,0.17,-0.433,-0.447,0.049,-30.0,0.025,-0.072,0.067,-0.43,0.117,0.126,0.044,-0.08,-0.367,-30.0,0.472,-0.471,-30.0,0.14,-0.1,-0.387,-30.0,0.115,0.061,0.052,-30.0,-0.347,0.343,-0.058,-0.306,-0.038,-30.0,-0.012,-30.0,0.008,-0.042,0.057,0.158,-0.416,-0.353,0.16,-0.286,0.137,-30.0,0.086,0.079,-0.2,0.037,-0.445,0.05,0.096,-0.43,-0.37,-0.006
-0.153,0.05,-0.155,0.719,-0.179,-0.001,0.058,-0.181,-0.591,0.272,-0.153,-0.064,-0.062,0.257,-0.191,-0.109,-30.0,-0.008,-0.122,-0.178,-0.054,-30.0,-30.0,0.115,-0.069,-0.148,-0.309,-0.204,-30.0,0.02,-0.153,0.115,-0.181,-0.166,-0.073,0.01,-0.091,-0.124,-30.0,0.345,-0.231,-30.0,-0.13,-0.233,0.056,-30.0,0.333,0.153,0.947,-30.0,-0.221,-0.183,-0.238,0.386,-0.319,-30.0,-0.297,-30.0,0.827,-0.209,-0.162,0.274,0.138,0.274,0.196,-0.039,0.01,-30.0,-0.012,-0.071,-0.013,0.025,-0.299,-0.408,0.26,0.303,-0.151,0.69
-0.08,-0.1,0.105,-0.001,-0.042,-0.037,-0.185,-0.115,0.018,0.106,0.16,0.042,-0.067,0.291,0.053,0.132,-30.0,0.002,-0.237,0.012,0.018,-30.0,-0.022,0.156,0.128,-0.119,0.447,-0.214,-30.0,0.058,-0.094,0.055,-0.005,-0.218,-0.038,0.083,0.0,-0.029,-30.0,0.269,-0.367,-30.0,0.095,-0.281,-0.002,-30.0,-0.107,0.357,0.001,-30.0,-0.072,0.293,-0.053,0.035,-0.037,-30.0,0.032,-30.0,-0.032,-0.037,0.007,0.236,-0.159,0.086,0.203,0.076,-0.072,-30.0,0.271,-0.151,-0.128,0.003,-0.304,0.137,-0.186,0.307,-0.03,-0.021
-0.178,-0.009,0.143,0.034,-0.146,-0.102,-0.26,-0.116,0.05,0.014,-0.084,-0.076,-0.049,0.405,-30.0,0.057,0.03,0.012,-0.4,-0.039,-0.125,0.022,-0.156,-0.134,-0.055,-0.111,0.067,-0.128,0.306,0.034,0.045,0.17,-0.224,-0.168,-0.194,0.105,-0.338,-0.148,-0.053,0.042,-0.506,-0.075,0.012,-0.173,-0.085,-0.083,0.324,0.047,0.022,-0.072,-0.273,0.048,-0.242,0.067,0.11,-0.067,0.057,0.038,-0.168,-0.009,-0.205,-0.07,0.003,-0.143,0.093,0.167,0.031,-0.192,0.187,-0.09,-0.311,-0.175,-0.238,0.075,0.116,0.103,0.0,-0.041
-0.034,0.056,-30.0,-0.054,-0.144,-30.0,0.039,-0.079,-30.0,-30.0,0.022,0.02,-30.0,0.47,-30.0,-30.0,-0.007,0.056,-0.055,0.084,0.058,0.126,-0.007,-0.011,0.092,-0.071,0.045,0.009,0.163,0.164,-0.027,0.03,0.009,-0.019,-0.069,0.068,-0.242,-0.124,0.119,0.13,-0.796,0.066,-0.072,-30.0,-30.0,-0.736,0.214,-0.101,0.116,-30.0,-0.099,-0.087,-0.023,-0.052,-0.665,0.107,-0.021,-0.063,-0.019,-0.022,-0.071,0.051,-0.043,-0.072,0.04,0.102,0.075,-0.086,0.073,-0.009,0.043,-0.053,-0.066,0.016,0.037,0.014,-0.164,-0.379
-30.0,-30.0,-30.0,-30.0,-30.0,-30.0,-30.0,-0.539,-30.0,-30.0,-30.0,-30.0,-30.0,-0.096,-30.0,-30.0,-30.0,-30.0,-30.0,-0.002,-0.151,-30.0,-30.0,-30.0,-30.0,-30.0,-30.0,-30.0,0.164,-30.0,-30.0,-30.0,-30.0,-30.0,-30.0,-30.0,-30.0,-30.0,-30.0,-30.0,-30.0,-30.0,-30.0,-30.0,-30.0,-30.0,-30.0,-30.0,-30.0,-30.0,-30.0,-30.0,-30.0,-0.011,-30.0,-30.0,-30.0,-30.0,-30.0,-30.0,-30.0,-30.0,-30.0,-30.0,-30.0,-30.0,-30.0,-30.0,-30.0,-30.0,-30.0,-30.0,-30.0,-30.0,-30.0,-30.0,-30.0,-30.0
0.114,0.09,-0.15,0.008,-30.0,-0.109,0.179,-0.212,-0.381,-0.087,-0.051,-0.099,-0.105,-0.064,-0.045,-0.099,-30.0,0.169,0.161,-0.018,0.061,-30.0,-0.062,0.235,0.069,-0.236,-0.094,-0.044,0.119,0.133,-0.01,0.119,-0.295,0.009,0.052,-30.0,-30.0,-30.0,-0.017,0.185,-0.178,0.175,0.222,-0.055,-30.0,0.014,0.232,-0.045,-0.044,-30.0,0.273,-0.271,-0.14,0.016,-0.238,0.062,-0.048,-0.046,-0.125,0.001,-0.058,-0.281,-30.0,-0.257,0.096,-0.162,-0.045,-30.0,-30.0,0.036,0.167,-0.022,-0.581,0.046,-0.003,-0.118,0.02,-0.074
-0.078,0.117,-0.005,1.597,-0.089,0.111,-0.262,-0.054,-0.068,0.185,-0.431,0.042,0.094,0.212,-30.0,-0.078,0.066,-0.063,-0.352,0.131,0.151,0.157,-0.076,-0.045,0.257,-0.396,0.047,-0.051,-0.087,0.082,0.057,-0.322,-0.052,-0.288,-0.016,0.077,-0.138,-0.034,0.087,0.192,-0.489,0.086,-0.022,0.029,-0.041,-0.299,-0.101,-0.102,0.052,0.088,-0.095,-0.082,-0.071,-0.021,-0.086,0.08,0.0,0.132,-0.099,-0.041,-0.076,0.159,0.007,-0.042,0.184,-0.28,0.037,-0.122,0.19,-0.067,-0.225,-0.08,-0.251,0.011,-0.294,0.135,-0.321,0.011
0.134,-0.188,-0.267,-0.074,-30.0,-30.0,0.081,-0.159,-0.345,-30.0,-30.0,-30.0,-30.0,0.38,-30.0,0.028,0.264,-0.137,-0.055,0.166,0.062,0.308,0.11,-0.021,-30.0,-0.421,-30.0,-0.328,0.276,0.338,-0.272,0.201,-0.343,-30.0,-0.053,0.164,-30.0,-0.342,0.187,0.735,-30.0,0.194,-0.196,-0.201,-0.006,-0.094,0.199,0.298,-30.0,0.94,-30.0,-0.226,-0.069,0.191,-0.241,-0.579,-30.0,0.133,-30.0,-0.079,0.178,-30.0,0.247,-0.503,-30.0,-0.163,-30.0,-0.211,0.207,-0.213,0.034,0.124,-0.161,-0.334,0.035,-30.0,-30.0,-30.0
0.097,0.114,0.192,-0.047,-0.005,-30.0,-0.242,-0.089,-0.435,-30.0,-0.39,-0.089,0.088,0.0,-0.127,-0.003,-0.019,0.105,-0.447,0.203,0.278,0.322,0.075,-0.018,0.312,-0.345,-0.001,-0.056,0.07,0.149,0.34,0.087,0.205,-0.051,0.594,0.203,-0.421,-0.176,0.2,0.129,-0.071,0.329,-0.189,-0.015,-0.019,-0.338,-0.173,-0.128,0.146,0.268,-0.016,-0.063,-0.08,0.17,-0.353,-0.2,-0.079,0.266,-0.009,-0.226,-0.086,0.197,0.105,-0.247,-0.03,-0.329,-30.0,-0.041,0.062,-0.053,-0.251,0.163,-0.18,-0.014,0.039,0.187,-0.231,0.289
-0.042,0.02,0.683,-0.188,-0.157,-0.03,-0.253,-0.053,-0.084,0.141,0.019,-0.023,-0.034,0.302,-30.0,0.003,0.066,-0.091,-0.317,0.064,0.085,0.106,-0.168,0.028,0.068,-0.447,0.203,-0.232,0.135,0.049,0.76,-0.324,-0.029,-0.202,-0.006,0.097,0.016,-0.084,0.174,0.534,-0.291,0.065,0.013,-0.188,0.035,-0.294,0.097,-0.031,0.136,0.24,-0.043,0.076,-0.025,0.125,0.079,0.125,0.138,0.032,-0.082,-0.232,-0.05,0.354,-0.026,-0.047,0.161,-0.312,-0.179,-0.151,0.161,-0.168,-0.3,0.004,-0.074,0.183,-0.13,0.696,-0.038,0.059
-0.048,0.272,0.069,-0.008,-0.052,-0.086,-0.046,-0.165,-0.116,0.009,0.018,0.079,0.005,0.096,-30.0,-0.081,-30.0,0.2,0.02,-0.124,0.03,-30.0,0.033,-0.134,0.125,-0.275,-0.004,0.003,-30.0,0.162,-0.056,0.168,0.014,0.057,-0.031,-0.017,-0.155,-0.086,-30.0,0.055,-30.0,-30.0,-0.167,-0.052,0.022,-30.0,0.023,-0.084,0.058,-30.0,-0.262,0.013,-0.053,-0.029,-0.067,-30.0,-0.119,-30.0,-0.054,-0.04,-0.079,0.106,-0.195,-0.044,0.116,-0.042,-0.036,-30.0,0.254,0.071,0.098,-0.088,-0.07,0.136,-0.023,0.093,-0.002,0.188
0.196,0.02,-0.057,-0.027,-30.0,-0.278,-0.17,-0.179,-0.183,-0.137,-0.056,-0.003,-0.078,0.366,-30.0,0.033,-30.0,0.09,-0.226,-0.037,0.099,-30.0,-0.15,0.141,0.009,0.03,-0.082,-0.005,0.077,0.082,-0.085,0.028,-0.06,0.018,0.004,-30.0,-30.0,-30.0,-0.094,0.024,-0.092,0.048,0.14,-30.0,-0.024,-0.044,0.11,0.028,0.019,0.12,0.011,-0.034,0.017,0.051,-0.06,0.022,-0.044,0.022,-0.041,0.011,0.018,-0.033,-30.0,0.035,0.02,0.022,-0.044,-30.0,-30.0,0.03,-0.122,0.053,-0.205,-0.045,0.012,-0.057,-0.253,-0.103
-0.106,0.118,-0.082,0.017,-30.0,-0.043,0.16,-0.191,-0.068,-0.043,-0.019,0.045,-0.094,-0.082,0.048,0.016,-30.0,0.221,0.036,0.039,0.038,-30.0,-0.01,0.153,0.032,0.146,-0.028,-0.083,0.116,0.139,-0.001,0.057,-0.122,-0.046,-0.011,-30.0,-30.0,-30.0,-0.183,0.161,-0.062,0.066,0.402,-0.02,-0.03,-0.015,0.174,-0.008,-0.058,0.3,0.122,-0.021,-0.031,0.086,0.06,-0.28,-0.088,-0.088,-0.147,-0.143,-0.046,0.023,-30.0,-0.272,0.187,0.049,-0.034,-30.0,0.064,0.033,0.091,0.021,-0.172,0.004,-0.013,-0.056,-0.012,-0.08
-0.056,0.063,0.017,0.047,-30.0,-0.282,0.225,-0.187,-0.002,-0.144,-0.274,-0.037,-0.341,0.391,-0.109,-0.06,-30.0,0.136,-0.231,-0.03,-0.114,-30.0,-0.255,0.186,-0.075,-30.0,-0.367,-0.289,0.153,0.297,-0.012,0.005,0.168,-0.22,-0.019,-30.0,-30.0,-30.0,0.085,0.124,-0.379,-30.0,-30.0,-0.237,-30.0,-0.024,0.266,-0.06,-0.001,0.292,-30.0,-0.049,-0.029,0.003,0.016,-0.062,-0.155,-0.1,-0.141,0.2,-0.076,-0.06,-30.0,-0.135,0.076,0.028,-0.199,-30.0,0.097,-0.137,0.223,-0.036,-0.36,-0.318,0.133,-0.093,-0.03,0.17
0.102,0.088,0.12,0.143,-0.049,0.065,0.018,0.059,-0.077,0.083,-0.023,-0.098,-0.037,0.22,-0.016,-0.046,-30.0,0.165,-0.025,0.085,0.055,-30.0,-0.096,-0.007,0.089,-0.204,-0.14,-0.009,-30.0,0.087,-0.112,0.07,0.08,0.09,-0.105,-0.009,-0.368,0.37,-30.0,0.026,-0.072,-30.0,-0.216,-0.169,-0.082,-30.0,0.001,0.024,0.022,-30.0,-0.057,0.169,-0.115,0.012,-0.048,-30.0,-0.081,-30.0,-0.067,-0.031,-0.009,0.128,-0.274,0.013,0.221,-0.006,0.192,-30.0,0.057,-0.043,0.115,0.053,-0.181,-0.054,-0.055,-0.191,-0.138,0.096
0.186,0.293,0.066,-0.101,-30.0,-0.227,-0.162,-0.22,0.0,-0.199,0.127,-0.338,-0.376,0.395,-0.275,-0.057,-30.0,0.396,-0.297,-0.149,0.312,-30.0,-0.223,0.317,0.303,-30.0,0.047,-0.134,0.154,0.449,0.14,0.864,-0.192,-0.132,0.2,-30.0,-30.0,-30.0,-0.112,0.223,-0.376,0.216,-30.0,-0.42,-0.211,-0.044,0.321,0.114,0.0,-30.0,-30.0,-0.191,-0.301,-0.061,0.176,-0.084,0.032,0.092,0.03,-0.056,-0.013,-0.016,-30.0,-0.184,0.134,0.052,-0.093,-30.0,-30.0,0.007,-0.255,0.168,-0.573,0.101,-0.107,-0.365,-0.021,-0.1
-0.048,-0.32,-0.423,0.008,-30.0,-30.0,0.021,-0.186,-0.536,-30.0,-0.135,-30.0,0.07,0.251,-30.0,-0.164,0.114,-0.149,-0.156,0.198,0.013,0.194,-0.22,0.085,-30.0,-0.505,0.183,-0.174,0.308,-0.077,-0.373,0.113,-0.187,-0.253,-0.058,0.013,-0.179,-0.191,0.062,0.454,-0.245,0.15,-0.011,0.102,-0.178,-0.333,0.286,-0.192,-30.0,1.099,-0.306,0.039,-0.463,0.099,-0.44,-0.161,-30.0,0.043,-0.006,-0.349,-0.155,0.234,0.049,-0.618,0.146,-0.289,-30.0,-0.551,0.133,-0.138,-0.182,-0.121,-0.407,-0.308,0.107,-0.29,-0.037,0.115
-0.17,0.017,-0.001,0.39,-0.201,-0.218,0.214,-0.092,-0.228,0.115,-0.122,-0.2,-0.459,-0.079,-30.0,-0.233,-30.0,0.064,0.185,-0.113,-0.106,-30.0,-0.113,-0.042,-0.014,-0.354,-0.453,0.1,-30.0,0.302,-0.201,0.223,0.273,0.104,-0.006,-0.068,-0.423,0.224,-30.0,-0.069,-0.238,-30.0,0.121,-0.031,0.057,-30.0,0.105,0.229,0.471,-30.0,-0.039,0.127,-0.149,0.232,-0.123,-30.0,-0.402,-30.0,0.608,-0.088,-0.107,-0.024,-0.048,0.122,0.291,-0.119,-0.124,-30.0,-0.003,0.155,0.259,-0.066,-0.113,-0.366,-0.107,0.439,-0.169,0.426
-0.037,0.122,0.11,0.444,0.153,0.202,0.019,-0.226,-30.0,0.09,0.042,0.011,-0.448,0.096,-0.024,-0.433,-30.0,0.163,0.006,0.134,0.085,-30.0,0.097,0.014,0.195,-0.055,0.001,0.003,-30.0,0.115,-0.036,0.082,0.005,0.017,-0.034,0.028,-0.126,-0.058,-30.0,0.068,-0.047,-30.0,0.117,-0.121,0.021,-30.0,0.178,0.002,-0.055,-30.0,-0.114,0.34,-0.055,-0.119,0.017,-30.0,-0.08,-30.0,-0.07,0.053,-0.025,0.095,-0.089,-0.047,0.2,0.06,0.081,-30.0,-0.173,-0.015,0.148,-0.008,-0.355,0.059,0.007,0.061,-0.387,-0.048
0.003,0.058,0.049,-0.103,-0.032,-0.073,-0.14,0.017,-0.008,0.115,0.056,0.001,0.048,0.09,0.045,0.11,-0.034,0.071,-0.275,-0.098,0.056,0.007,-0.053,-0.02,0.08,-0.348,-0.187,-0.131,0.033,0.222,0.019,0.038,0.025,-0.195,-0.018,-0.027,0.187,-0.011,0.037,0.435,-0.013,0.029,-0.149,-0.259,-0.095,-0.247,0.21,0.027,0.1,-0.133,-0.184,-0.088,-0.08,0.267,-0.025,-0.148,0.047,0.21,0.001,0.33,-0.009,0.132,0.326,-0.232,0.027,-0.141,-0.158,-0.024,0.27,-0.159,0.01,-0.022,-0.057,0.369,-0.012,-0.198,-0.297,0.61
-0.081,0.113,-0.261,0.005,-0.072,-0.012,0.103,-0.012,-0.201,0.036,-0.017,-0.073,-0.043,0.337,-0.11,-0.084,-30.0,0.132,0.039,0.07,0.072,-30.0,-0.1,0.187,0.156,-0.278,-0.046,-0.048,-30.0,0.092,-0.199,0.069,0.008,-0.037,0.024,0.072,-0.181,-0.013,-0.145,0.259,-0.396,-30.0,0.039,-0.122,-0.067,-30.0,0.241,-0.007,0.012,-30.0,-0.044,-0.062,-0.081,0.09,-0.172,-30.0,-0.096,-30.0,-0.044,0.04,-0.043,0.098,-0.002,-0.024,0.099,-0.095,0.154,-30.0,0.116,0.003,0.058,0.016,-0.084,-0.052,-0.012,0.184,0.04,-0.001
0.002,0.1,0.14,0.05,-0.097,0.043,0.03,-0.204,0.227,0.125,-0.236,-0.042,-0.069,0.089,-0.196,-0.159,-30.0,0.115,0.015,0.133,0.056,-30.0,-30.0,-0.003,0.112,-0.304,-0.011,-0.013,-30.0,0.092,-0.055,0.033,0.042,-0.058,-0.026,0.066,-0.259,0.033,-30.0,0.038,-0.028,-30.0,-0.197,-0.12,0.021,-30.0,0.085,0.031,0.007,-30.0,-0.215,0.06,-0.063,0.036,0.029,-30.0,-0.083,-30.0,-0.087,-0.088,0.008,0.075,-0.168,0.052,0.167,-0.19,0.081,-30.0,-0.019,-0.047,0.067,0.04,-0.34,0.005,0.026,0.027,-0.177,0.111
0.16,0.115,-0.053,0.007,-30.0,-0.103,0.164,-0.203,-0.106,-0.086,-0.087,-0.149,-0.145,0.247,-30.0,-0.193,-30.0,0.224,0.071,0.027,0.112,-30.0,-0.122,0.281,0.095,-0.011,-0.083,-0.034,0.176,0.214,0.009,0.1,-0.033,0.054,-0.07,-30.0,-30.0,-30.0,0.042,0.25,-0.428,0.112,0.279,-0.237,-30.0,0.069,0.361,-0.055,-0.077,-30.0,-30.0,-0.051,-0.155,0.066,0.015,0.044,-0.107,-0.119,-0.132,-0.003,-0.085,0.0,-30.0,-0.13,0.171,0.153,0.003,-30.0,-30.0,0.012,0.129,0.016,-0.508,-0.01,-0.019,-0.168,0.022,-0.089
0.154,0.071,-0.016,0.157,-30.0,-0.049,0.135,-0.006,-0.119,-0.08,-0.078,-0.174,-0.231,0.233,-0.108,-0.069,-30.0,0.179,0.04,0.013,0.018,-30.0,-0.212,0.221,0.029,-0.253,-0.157,-0.117,0.306,0.212,-0.028,0.128,-0.089,-0.056,-0.067,-30.0,0.078,-30.0,0.003,0.206,-0.492,0.071,0.174,-0.192,-0.126,0.067,0.454,-0.004,-0.153,0.208,0.143,-0.122,-0.165,0.044,0.023,-0.071,-0.16,-0.015,-0.136,0.276,-0.158,-0.026,-30.0,-0.122,0.116,-0.181,-0.043,-30.0,0.049,-0.031,0.032,0.019,-0.275,-0.147,0.124,-0.162,-0.024,0.143
0.006,0.166,0.123,0.522,-0.278,-0.096,0.05,-0.502,0.046,0.084,-0.087,-0.238,-0.233,0.083,-0.054,-0.28,-30.0,0.139,0.031,0.08,0.086,-30.0,-0.051,-0.204,0.206,0.078,-0.302,-0.295,-30.0,0.14,0.014,-0.181,0.107,-0.222,-0.011,0.022,-0.302,0.071,0.09,0.106,0.066,-30.0,-0.196,0.118,0.02,-30.0,-0.142,0.051,0.07,-30.0,-0.23,0.065,0.035,0.277,0.058,-30.0,-0.03,-30.0,0.265,-0.316,0.051,0.158,0.083,-0.081,0.174,-0.201,-0.162,-30.0,-0.128,0.089,0.171,0.039,0.027,-0.16,-0.169,0.314,-0.341,0.307
0.293,0.058,-0.002,0.008,0.078,0.075,-0.095,-0.032,-0.056,0.017,-0.215,0.016,0.086,0.086,-30.0,-0.046,-30.0,-0.01,-0.161,0.045,0.012,-30.0,0.048,-0.042,0.116,-0.128,-0.021,0.06,-30.0,0.144,0.111,-0.097,-0.147,-0.008,0.122,-0.058,0.005,-0.056,-30.0,0.25,-0.002,-30.0,-0.062,0.033,-0.361,-30.0,0.032,0.234,-0.007,-30.0,-0.201,0.136,-0.065,-0.007,0.0,-30.0,-0.027,-30.0,-0.033,-0.105,0.632,0.074,-0.238,-0.232,0.08,0.009,0.033,-30.0,0.132,-0.04,-0.085,0.072,0.017,0.068,0.028,1.173,-0.182,0.11
0.003,0.096,0.058,0.07,-0.164,0.098,-0.164,-0.148,-0.048,0.24,-0.129,-0.232,-0.044,0.416,-0.032,-0.133,-30.0,0.007,-0.259,0.106,0.09,-30.0,-0.061,-0.233,0.205,-0.227,0.086,-0.145,-30.0,0.198,0.047,-0.014,-0.127,-0.126,-0.01,0.024,0.114,-0.149,-30.0,-0.029,0.0,-30.0,-0.041,0.036,-0.282,-30.0,0.134,-0.018,0.044,-30.0,-0.203,0.053,-0.244,-0.156,-0.318,-30.0,-0.069,-30.0,0.012,-0.321,0.008,0.149,-0.232,-0.142,0.121,-0.201,0.089,-30.0,0.066,-0.016,-0.246,0.036,-0.007,0.029,0.067,-0.054,-0.152,0.518
0.006,-0.003,-0.121,-0.325,-0.109,-0.078,0.092,-0.11,-0.452,-30.0,0.054,0.028,-0.043,0.059,-30.0,-0.13,-30.0,0.077,0.053,0.049,0.035,-30.0,-30.0,-0.068,0.154,-0.178,-0.118,0.02,-30.0,0.209,0.035,-0.085,0.251,0.216,0.013,0.121,-0.039,-0.112,-30.0,0.18,-0.2,-30.0,-0.064,0.223,-0.015,-30.0,-0.147,-0.205,-0.057,-30.0,-0.216,0.274,-0.003,-0.012,-0.229,-30.0,-0.244,-30.0,-0.069,0.011,-0.11,0.082,-0.074,0.155,0.47,-0.043,0.109,-30.0,0.059,0.204,0.109,-0.054,-0.207,-0.154,-0.054,-0.103,-0.069,0.371
0.01,0.257,0.031,-0.007,-0.264,0.053,0.046,-0.111,-0.173,0.035,-0.146,0.022,-0.156,0.181,-30.0,-0.168,-30.0,0.054,-0.032,-0.065,0.058,-30.0,0.149,0.033,0.162,-0.099,-0.234,0.013,-30.0,0.105,-0.167,0.088,0.079,-0.001,0.054,-0.132,-0.25,-0.056,-30.0,0.075,0.082,-30.0,-0.123,-0.025,0.046,-30.0,0.164,0.08,0.0,-30.0,-0.18,0.014,-0.213,-0.075,-0.082,-30.0,-0.229,-30.0,0.044,-0.042,0.034,0.032,-0.144,-0.048,0.123,-0.083,-0.081,-30.0,0.011,0.071,0.022,-0.138,0.093,-0.102,0.03,0.078,-0.146,0.274
-0.045,0.085,0.116,-0.026,-0.062,-0.009,-0.043,-0.331,-0.03,0.083,0.021,0.023,0.0,0.218,-30.0,-0.091,-30.0,0.094,-0.07,0.041,0.055,-30.0,-0.02,0.119,0.129,-0.085,-0.064,-0.031,-30.0,0.11,-0.017,0.063,-0.026,-0.023,0.053,-0.013,-0.096,-0.038,-30.0,0.08,-0.09,-30.0,-0.085,-0.052,-0.069,-30.0,0.118,-0.037,-0.017,-30.0,-0.177,-0.028,-0.031,0.004,0.002,-30.0,-0.101,-30.0,-0.01,-0.003,0.0,0.057,-0.056,-0.041,0.128,0.052,0.147,-30.0,0.113,0.037,0.03,-0.022,-0.372,-0.005,0.037,-0.028,0.002,-0.033
0.007,-30.0,-0.36,-0.05,-0.13,0.161,0.016,0.055,-0.439,0.022,0.043,-0.049,0.03,-0.004,-30.0,-0.082,-30.0,0.05,-0.114,-0.082,-0.135,-30.0,-0.166,0.034,-0.076,-0.111,0.023,-0.196,-30.0,-0.047,-0.168,-0.268,0.242,-0.12,0.008,-0.109,-0.244,0.068,-30.0,0.125,-0.171,-30.0,-0.086,0.173,0.484,-30.0,0.182,-0.055,-0.102,-30.0,-0.072,0.027,0.025,-0.057,-0.34,-30.0,0.193,-30.0,0.071,-0.013,0.068,0.031,-0.221,0.27,0.061,-0.086,-0.142,-30.0,0.091,0.187,0.057,-0.146,0.01,0.048,-0.207,0.252,0.153,0.12
-0.085,0.166,1.042,-0.131,0.049,0.271,-0.224,-0.115,0.091,0.095,-0.347,0.168,0.136,0.553,0.062,-0.159,-30.0,0.081,-0.346,0.262,-0.017,-30.0,-0.065,-0.357,0.1,-0.408,0.137,-0.19,-30.0,0.111,0.911,-0.526,0.067,-0.08,0.107,0.035,-0.177,0.022,-30.0,0.184,-0.465,-30.0,-0.062,-0.129,-0.16,-30.0,-0.061,-0.124,0.203,-30.0,-0.037,0.056,-0.292,0.181,-0.111,-30.0,-0.021,-30.0,0.031,-0.466,-0.074,-0.046,0.273,0.188,0.098,-0.259,0.069,-30.0,0.128,-0.095,-0.297,0.04,-0.111,0.084,-0.323,2.257,-0.261,0.765
-0.047,-0.22,0.116,-0.056,-0.06,0.058,-0.18,-0.375,0.022,0.087,-0.426,-0.055,0.05,0.209,-30.0,-0.03,-30.0,-0.247,-0.339,0.054,0.156,-30.0,0.012,0.097,0.2,-0.05,-0.407,0.362,-30.0,0.162,0.138,0.121,-0.109,-0.368,0.057,0.127,-0.332,-0.101,-0.151,0.274,-0.557,-30.0,-0.003,-0.444,-0.199,-30.0,0.207,0.781,0.132,-30.0,-0.341,0.088,-0.019,0.322,0.069,-30.0,-0.335,-30.0,0.01,-0.355,0.014,0.184,0.067,-0.384,0.236,-0.03,0.543,-30.0,0.172,0.105,-0.165,0.091,-0.449,-0.341,0.037,0.255,0.209,0.326
-0.146,0.146,0.074,-0.002,-0.053,0.1,-0.138,-0.427,-0.087,0.081,-0.001,-0.065,0.011,0.183,-30.0,-0.022,-30.0,0.138,-0.296,0.094,0.113,-30.0,-0.058,0.087,0.346,-0.288,0.004,-0.017,-30.0,0.139,-0.002,-0.187,-0.014,0.002,0.033,0.106,-0.178,-0.048,-30.0,0.21,-0.421,-30.0,-0.001,-0.102,-0.068,-30.0,0.401,-0.071,0.006,-30.0,-0.023,-0.049,-0.089,-0.266,0.02,-30.0,-0.075,-30.0,-0.206,-0.021,-0.057,0.128,-0.275,-0.068,0.278,-0.196,0.219,-30.0,0.264,0.002,-0.184,-0.023,-0.495,0.009,0.037,-0.308,0.02,0.027
0.059,0.295,-0.177,1.846,-0.475,0.311,-0.249,-0.104,-0.673,0.279,-0.222,-30.0,-0.376,0.557,-30.0,-0.18,-30.0,0.271,-0.396,-0.099,0.297,-30.0,-0.14,-0.301,0.379,-0.312,-0.271,-0.307,-30.0,0.358,-0.16,0.109,0.003,-0.285,0.177,0.173,-30.0,0.364,-30.0,0.473,0.124,-30.0,0.183,-0.158,-0.133,-30.0,0.206,-0.53,0.119,-30.0,0.266,0.298,-0.201,-0.226,-0.197,-30.0,-0.083,-30.0,0.1,-0.122,0.122,0.203,-0.259,-0.015,0.328,-0.327,0.257,-30.0,0.173,-0.103,-0.157,0.152,-0.364,-0.254,-0.374,0.226,-0.412,0.141
-0.298,0.024,-0.027,0.119,-0.392,0.121,0.169,-0.365,-0.176,0.126,-0.094,0.02,-0.295,0.278,-30.0,-0.353,-30.0,0.17,0.087,0.061,-0.244,-30.0,0.115,-0.153,-0.164,-0.306,-0.136,-0.117,-30.0,0.318,-0.019,-0.199,0.01,-0.149,-0.27,0.041,-0.014,-0.006,0.102,0.35,-0.131,-30.0,-0.098,0.038,0.027,-30.0,0.342,0.046,-0.112,-30.0,-0.039,-0.134,-0.012,-0.072,-0.123,-30.0,-0.123,-30.0,-0.255,-0.237,-30.0,0.107,-0.141,-0.232,0.124,-0.18,0.103,-30.0,-0.154,-0.028,0.133,-0.28,-30.0,-0.117,0.189,0.051,-0.118,-0.13
0.034,-0.029,-0.045,-0.083,-0.03,0.096,-0.015,-0.108,-0.206,0.377,0.072,0.034,0.136,0.221,-30.0,-0.161,-30.0,-0.093,-0.051,0.101,0.173,-30.0,-0.133,-0.151,0.274,-0.261,0.299,-0.258,-30.0,0.076,-0.086,-0.194,-0.171,-0.243,0.106,0.009,0.045,-0.142,0.011,0.265,-0.32,-30.0,-0.011,-0.21,-0.19,-30.0,0.12,-0.124,0.151,-30.0,-0.151,0.015,0.061,0.081,-0.144,-30.0,0.243,-30.0,0.068,-0.215,0.02,0.262,-0.044,-0.047,0.295,-0.175,-0.153,-30.0,0.203,-0.218,-0.053,-0.021,-0.053,0.171,-0.02,0.101,-0.032,0.067
0.107,0.057,0.029,0.069,-0.029,0.06,-0.014,-0.003,-0.143,0.149,-0.025,-0.036,0.113,0.257,-30.0,-0.15,-30.0,0.119,-0.131,0.007,0.107,-30.0,-0.203,0.035,0.337,-30.0,-0.022,-0.174,-30.0,0.151,-0.132,-0.059,-0.042,-0.185,0.074,0.074,-0.045,-0.138,-30.0,0.341,-0.141,-30.0,-0.109,-0.216,-0.007,-30.0,0.135,-0.055,-0.019,-30.0,-0.141,0.037,-0.148,0.077,-0.03,-30.0,-0.217,-30.0,-0.108,-0.224,0.351,0.189,-0.057,-30.0,0.295,-0.068,0.07,-30.0,0.183,-0.126,0.019,-0.085,-0.04,0.029,-30.0,-30.0,-0.15,0.253
-0.345,0.117,-0.664,-0.38,-0.175,-30.0,-0.089,-1.084,-0.594,0.61,-0.179,0.087,0.124,0.703,-30.0,-0.259,-30.0,-0.019,0.112,0.189,-0.19,-30.0,-0.582,0.619,-30.0,-0.081,0.102,-0.084,-30.0,0.146,0.259,0.142,-0.224,-0.057,-0.018,-0.136,0.04,-0.481,-30.0,0.517,-0.316,-30.0,0.424,0.291,-30.0,-30.0,0.689,-0.313,0.093,-30.0,0.44,-0.207,-0.168,-0.18,-0.343,-30.0,0.194,-30.0,-0.295,-0.402,0.081,-0.267,0.079,0.401,0.097,0.125,0.34,-30.0,0.673,0.014,-0.1,-0.2,-1.291,0.058,-0.104,0.026,-0.131,0.058
-0.012,0.089,0.021,0.121,-0.212,0.072,0.003,-0.182,-0.13,0.154,-0.201,0.031,-0.132,0.253,0.011,-0.046,-30.0,0.109,-0.009,0.142,0.026,-30.0,-0.105,0.105,0.22,-0.223,-0.147,0.007,-30.0,0.188,-0.058,0.021,-0.096,0.016,-0.056,0.105,-0.011,0.035,0.028,0.322,0.009,-30.0,0.176,-0.018,0.109,-30.0,0.249,-0.072,-0.009,-30.0,-0.04,0.121,-0.025,-0.078,-0.154,-30.0,-0.209,-30.0,-0.046,-0.058,-0.004,-0.014,-0.131,-0.129,0.16,-0.103,0.281,-30.0,0.276,-0.075,0.302,0.063,-0.245,-0.152,-0.178,-0.02,-0.097,-0.017
-0.19,0.169,-0.3,0.308,-0.376,0.248,0.127,-0.256,-0.426,0.163,-0.318,0.405,-0.196,0.222,0.023,-0.04,-30.0,0.095,0.162,0.0,0.147,-30.0,-0.006,0.323,0.165,-0.327,0.707,0.04,-30.0,-0.186,-0.356,0.367,-0.354,0.078,-0.285,-0.128,-0.318,-0.156,0.109,0.18,-0.169,-30.0,-0.003,-0.041,0.137,-30.0,-0.094,-0.028,0.124,-30.0,-0.129,0.327,0.014,0.108,-0.311,-30.0,-0.009,-30.0,0.002,-0.221,-0.332,0.405,0.213,-0.045,0.437,-0.259,0.148,-30.0,-0.095,0.025,0.218,-0.283,-0.07,-0.026,-0.269,0.129,-0.367,0.216
-0.065,0.043,0.08,-0.093,-0.108,-0.005,-0.01,-0.709,-0.038,0.021,-0.011,-0.051,-0.093,0.376,-0.103,0.298,-30.0,0.119,-0.144,0.033,0.029,-30.0,-0.024,0.031,0.166,-0.535,-0.021,-0.084,-30.0,0.059,-0.065,0.025,-0.026,-0.01,-0.038,0.269,-0.218,-0.067,-30.0,0.075,-0.428,-30.0,-0.119,-0.215,-0.105,-30.0,0.285,0.429,-0.023,-30.0,-0.243,-0.027,-0.104,-0.044,-0.014,-30.0,-0.092,-30.0,-0.051,0.274,-0.078,0.038,-0.174,-0.07,0.161,0.056,0.083,-30.0,0.582,-0.035,0.163,-0.109,-0.38,-0.007,-0.025,-0.048,-0.012,0.223
0.068,0.229,-0.025,-0.03,-30.0,-0.049,0.081,-0.155,-0.045,-0.088,-0.022,-0.044,-0.094,0.139,-0.001,-0.099,-30.0,0.204,0.007,-0.013,0.008,-30.0,-0.101,0.111,0.07,-0.013,-0.045,-0.018,0.046,0.01,-0.032,0.039,-0.038,-0.054,-0.05,-30.0,-0.047,-30.0,-0.059,0.055,-0.385,0.074,0.116,-0.162,-30.0,-0.046,0.08,-0.047,0.018,0.101,0.187,-0.032,-0.069,0.0,-0.042,0.025,-0.02,-0.077,-0.146,0.065,-0.066,-0.014,-30.0,-0.061,0.083,0.052,-0.095,-30.0,-30.0,-0.018,0.041,-0.048,-0.165,0.028,-0.027,-0.089,-0.06,-0.005
0.019,0.1,0.096,0.1,-0.042,0.194,-0.252,-0.032,0.036,0.151,-0.327,-0.074,0.006,0.422,0.113,-0.075,-30.0,0.112,-0.381,0.149,0.087,-30.0,-0.028,0.156,0.107,-0.185,-0.083,-0.15,-30.0,0.057,-0.144,-0.009,0.038,-0.053,-0.018,0.019,-0.272,-0.015,-30.0,0.084,-0.373,-30.0,0.011,-0.201,-0.031,-30.0,0.053,0.04,-0.011,-30.0,-0.12,0.117,-0.035,0.042,0.156,-30.0,-0.119,-30.0,0.001,0.033,-0.006,0.117,-0.06,-0.106,0.083,0.007,0.132,-30.0,0.209,-0.086,-0.152,-0.014,-0.108,0.069,0.029,-0.112,-0.013,-0.028
-0.282,0.16,-0.325,-0.357,-0.363,0.051,0.636,0.027,-0.418,0.186,-0.309,0.126,-0.19,0.196,0.046,-0.369,-30.0,0.103,-0.357,0.176,-0.401,-30.0,-0.103,0.072,-0.222,-0.411,-0.311,0.013,-30.0,0.083,-0.368,-0.21,0.095,-0.312,-0.355,0.098,-0.247,0.076,-30.0,0.173,-0.405,-30.0,0.41,0.067,0.062,-30.0,-0.074,-0.424,-0.168,-30.0,-0.136,0.629,0.093,-0.232,-0.334,-30.0,-0.294,-30.0,-0.322,-0.24,-0.375,0.161,-0.342,0.351,0.159,0.101,0.131,-30.0,-0.122,0.021,0.034,-0.323,-0.149,-0.333,-0.311,0.147,-0.39,0.298
0.151,0.009,0.05,-0.024,0.123,0.181,0.037,-0.081,-0.013,-0.009,0.008,-0.066,0.154,0.242,0.025,0.12,0.221,0.028,-0.019,-0.021,0.303,0.063,0.154,-0.015,0.289,-0.289,-0.063,-0.067,0.049,0.133,-0.029,-0.007,0.001,0.008,0.163,0.114,-0.135,-0.073,0.035,0.275,-0.09,0.078,-0.152,-0.075,-0.128,0.02,-0.007,0.335,0.212,-0.057,-0.15,-0.081,-0.091,-0.073,-0.001,0.028,-0.012,0.261,0.089,-0.007,0.142,0.037,-0.171,-0.041,0.027,0.054,0.062,0.03,0.234,-0.043,0.049,0.131,-0.148,0.03,-0.041,0.005,0.047,-0.03
-0.011,0.096,-0.261,0.085,-30.0,-0.08,-0.097,-0.083,-0.271,0.051,-0.122,0.092,-0.038,-0.002,-0.07,0.091,-30.0,0.068,-0.273,0.104,-0.008,-30.0,-0.15,0.201,-0.063,-0.166,-0.238,-0.035,-0.013,0.288,-0.227,-0.176,-0.008,-0.101,-0.14,-30.0,0.465,-30.0,-0.109,0.178,-0.345,0.047,0.157,-0.345,-0.023,-0.345,0.052,0.121,0.006,1.03,0.046,0.175,0.122,0.137,-0.246,0.075,-0.164,0.149,-0.039,-0.211,-0.05,0.082,-30.0,-0.031,0.05,-0.191,-0.047,-30.0,0.225,-0.119,-0.067,0.001,-0.246,-0.182,-0.036,0.132,-0.002,0.525
-0.063,0.087,0.082,0.045,-0.023,0.105,0.05,-0.144,0.047,0.111,0.046,-0.092,0.063,0.222,-30.0,-0.031,-30.0,0.057,0.0,0.148,0.039,-30.0,-0.008,0.017,0.183,-0.177,-0.05,-0.047,-30.0,0.077,-0.055,0.049,0.007,-0.066,-0.019,0.028,-0.336,-0.016,-30.0,0.122,-0.031,-30.0,-0.106,-0.187,0.003,-30.0,0.178,-0.046,-0.004,-30.0,-0.226,-0.021,-0.052,0.024,0.026,-30.0,-0.079,-30.0,-0.06,0.034,-0.048,0.406,-0.104,-0.062,0.424,0.069,0.166,-30.0,0.19,-0.031,0.121,0.018,-0.271,0.027,0.054,-0.017,-0.035,-0.019
-0.048,0.073,0.07,-0.014,-0.062,0.085,0.069,-0.12,-0.086,0.158,-0.047,0.033,0.033,0.257,-30.0,-0.004,0.028,0.054,-0.054,0.091,0.047,0.072,-0.081,-0.031,0.136,-0.189,0.078,0.015,0.166,-0.001,-0.025,-0.008,-0.026,-0.09,-0.06,0.041,-0.316,-0.096,0.079,0.138,-0.25,0.055,-0.118,-0.059,0.005,-0.032,0.193,-0.155,-0.033,-0.014,-0.201,-0.097,-0.064,-0.114,-0.031,0.04,-0.029,-0.001,-0.06,0.014,-0.067,0.087,-0.145,0.0,0.159,0.105,-0.01,-0.121,0.083,-0.023,0.029,-0.09,-0.191,0.034,0.051,0.024,-0.131,-0.005
0.095,-0.074,-0.068,0.135,-0.447,-0.179,0.058,-0.133,-0.22,0.33,-0.09,0.033,-0.239,0.317,-30.0,-0.028,-30.0,-0.116,0.16,-0.036,-0.133,-30.0,-0.211,-0.109,-30.0,0.037,-0.607,0.405,-30.0,0.026,-0.088,-0.182,0.211,0.305,0.163,-0.074,-0.147,0.209,-30.0,0.143,-0.021,-30.0,-0.36,0.383,-0.006,-30.0,0.189,0.18,0.143,-30.0,0.079,-0.415,-0.083,-0.143,-0.129,-30.0,-0.268,-30.0,0.959,-0.14,0.18,0.431,-0.194,-0.048,0.354,-0.348,0.06,-30.0,0.251,0.311,0.119,0.062,-0.145,-0.654,0.132,0.591,-0.297,0.246
-0.012,0.178,0.0,-0.023,-0.094,-0.023,-0.158,-0.224,-0.261,0.089,-0.064,-0.186,-0.019,0.156,0.118,0.048,-30.0,0.099,0.045,-0.102,0.11,-30.0,0.232,0.038,0.181,-0.164,-0.056,-0.06,-30.0,0.199,-0.122,-0.024,0.075,0.013,0.13,0.1,-30.0,0.041,0.015,0.156,-0.171,-30.0,0.003,-0.017,-0.015,-30.0,0.143,0.061,0.035,-30.0,-30.0,0.098,-0.152,0.021,-0.044,-30.0,-0.214,-30.0,-0.079,-0.28,0.106,0.266,-0.192,-0.007,0.144,0.076,0.052,-30.0,0.302,-0.005,-0.052,0.091,-0.173,0.005,0.031,1.456,-0.094,-30.0
-0.013,0.089,0.021,0.121,-0.212,0.073,0.002,-0.182,-0.13,0.154,-0.201,0.031,-0.132,0.252,0.011,-0.046,-30.0,0.109,-0.008,0.141,0.026,-30.0,-0.106,0.105,0.22,-0.223,-0.146,0.007,-30.0,0.188,-0.058,0.021,-0.096,0.015,-0.056,0.104,-0.011,0.036,0.027,0.322,0.009,-30.0,0.176,-0.018,0.109,-30.0,0.249,-0.072,-0.009,-30.0,-0.04,0.121,-0.024,-0.078,-0.154,-30.0,-0.208,-30.0,-0.046,-0.058,-0.004,-0.014,-0.131,-0.129,0.16,-0.104,0.281,-30.0,0.276,-0.075,0.301,0.063,-0.245,-0.152,-0.179,-0.02,-0.097,-0.017
0.035,0.098,0.029,0.047,-0.108,0.059,0.012,-0.05,-0.064,0.115,-0.003,-0.089,-0.069,0.061,-0.19,-0.047,-30.0,0.142,0.072,0.105,0.033,-30.0,0.002,0.118,0.12,-0.165,-0.099,0.041,-30.0,0.108,-0.107,0.114,0.054,-0.028,-0.033,0.045,-0.345,-0.055,-30.0,0.122,0.052,-30.0,-0.099,-0.137,-0.011,-30.0,0.216,0.016,-0.035,-30.0,-0.14,0.061,-0.096,0.026,0.002,-30.0,-0.124,-30.0,0.0,0.084,-0.039,0.177,-0.141,0.086,0.141,0.045,0.15,-30.0,0.197,0.0,0.089,0.012,-0.093,0.023,0.044,0.011,-0.068,0.069
0.044,0.135,-0.133,0.018,0.024,-0.051,0.093,0.047,-0.22,0.086,0.002,-0.162,0.032,0.286,-0.141,-0.1,-30.0,0.121,-0.062,-0.072,0.221,-30.0,-0.153,0.071,0.268,-0.273,0.06,-0.061,-30.0,0.386,-0.181,-0.159,-0.029,-0.132,0.119,0.043,0.096,-0.015,0.159,0.691,-0.331,-30.0,-0.068,-0.193,-0.059,-30.0,0.217,0.06,0.075,-30.0,-0.161,-0.065,-0.135,0.245,-0.182,-30.0,-0.046,-30.0,0.106,-0.22,0.072,0.17,0.087,-0.305,0.125,-0.111,0.04,-30.0,0.093,-0.026,0.027,0.105,-0.067,0.113,0.037,0.247,-0.044,0.24
-0.083,0.057,0.388,0.012,0.001,-0.1,0.107,-0.266,0.163,-0.005,-0.371,-0.02,-0.071,0.138,-30.0,-0.429,-30.0,0.125,-0.057,0.019,0.078,-30.0,-0.089,0.074,0.178,-0.305,-0.074,-0.036,-30.0,0.114,0.282,0.068,-0.013,-0.02,0.002,0.253,-0.091,-0.046,-0.027,0.199,-0.013,-30.0,-0.11,-0.092,-0.085,-30.0,0.188,-0.355,0.015,-30.0,-0.14,0.028,-0.071,0.013,0.207,-30.0,-0.08,-30.0,-0.061,-0.139,-0.037,0.417,-0.118,-0.058,0.255,0.079,0.076,-30.0,-0.236,0.03,0.042,-0.009,-0.323,-0.004,-0.005,-0.03,0.071,0.067
-0.056,-0.01,0.042,0.458,0.025,0.045,0.148,-0.358,-0.189,0.089,0.065,-0.032,0.127,0.218,-0.198,-0.133,-30.0,-30.0,0.124,0.09,0.046,-30.0,-0.046,-0.133,0.127,-0.236,0.045,0.024,-30.0,0.096,-0.055,-0.114,0.07,-0.003,0.008,0.1,-0.206,0.089,-30.0,0.174,-0.139,-30.0,0.01,-0.028,0.041,-30.0,0.096,0.138,0.0,-30.0,-0.115,0.217,0.126,-0.06,0.017,-30.0,-0.212,-30.0,-0.039,-0.1,-0.045,0.296,-0.152,0.213,0.206,-0.071,0.032,-30.0,0.133,-0.043,0.092,-0.14,-0.248,0.124,-0.065,-0.02,-0.104,-0.026
-0.036,0.062,0.076,-0.035,-0.092,0.051,-0.044,-0.856,-0.001,0.077,0.01,-0.022,0.035,0.274,-0.059,-0.031,-30.0,0.083,-0.086,0.053,0.086,-30.0,0.049,-0.018,0.19,-0.113,-0.13,-0.062,-30.0,0.067,-0.064,0.044,-0.006,-0.026,-0.021,0.012,-0.095,0.044,-30.0,0.128,-0.112,-30.0,-0.089,-0.114,0.017,-30.0,0.116,-0.009,0.021,-30.0,-0.044,0.096,-0.04,0.027,-0.033,-30.0,-0.094,-30.0,-0.024,-0.037,0.025,0.073,-0.119,-0.046,0.218,0.006,0.065,-30.0,0.137,-0.011,0.004,-0.023,-0.913,0.011,-0.018,0.059,-0.053,-0.046
0.02,-0.017,-0.222,0.076,-0.17,-0.061,-30.0,-0.628,-0.323,-0.218,0.068,-30.0,-0.109,0.145,0.011,0.042,-30.0,0.034,-0.271,-0.006,0.157,-30.0,-0.089,0.083,0.209,-0.363,-0.307,-0.137,-30.0,0.109,-0.291,0.126,-0.037,-0.133,0.103,0.094,-0.165,-0.024,0.096,0.224,0.048,-30.0,-0.046,-30.0,-0.165,-30.0,0.111,0.097,-30.0,-30.0,-30.0,0.066,0.053,0.076,-0.253,-30.0,-0.296,-30.0,0.023,0.054,0.061,-30.0,-0.08,-0.262,0.078,-0.225,-0.05,-30.0,0.12,-0.091,-0.103,0.044,-0.644,-0.247,0.08,0.114,0.122,-30.0
-0.043,0.104,0.076,-0.011,-0.003,0.034,0.058,-0.301,0.029,0.045,0.032,-0.065,0.045,0.418,0.012,-0.022,-30.0,0.094,-0.031,0.017,0.021,-30.0,0.045,0.037,0.121,-0.116,0.241,-0.054,-30.0,0.065,-0.051,0.008,0.01,-0.062,0.004,0.012,-0.156,-0.036,0.114,0.12,-0.555,-30.0,-0.121,-0.102,-0.033,-30.0,0.166,-0.021,-0.022,-30.0,-0.191,-0.001,-0.027,-0.011,0.004,-30.0,-0.03,-30.0,0.022,-0.252,-0.066,0.119,-0.103,-0.043,0.143,0.082,0.02,-30.0,0.13,-0.078,0.069,-0.064,-0.228,0.028,0.021,0.016,-0.006,0.186
0.105,0.033,-0.363,0.046,-0.02,0.13,-0.158,-0.089,-0.673,-0.083,0.272,-0.269,0.091,-30.0,-30.0,0.059,-30.0,0.12,-0.162,-30.0,-30.0,-30.0,-0.017,0.136,0.373,-0.395,-0.013,-0.21,-30.0,0.146,-0.555,0.027,-0.144,-0.036,0.152,0.065,-0.319,-0.123,-30.0,0.344,-0.009,-30.0,-0.242,-0.316,-0.141,-30.0,0.145,0.05,-0.012,-30.0,-0.342,0.013,-30.0,0.201,-0.353,-30.0,-0.07,-30.0,0.023,-0.324,0.202,1.003,-0.027,-0.185,0.229,-0.293,0.074,-30.0,0.22,-0.146,-0.064,0.096,-0.134,0.052,0.094,0.21,0.002,0.722
-0.083,0.125,0.048,-0.114,-0.061,-0.025,0.098,-0.131,-0.032,-0.042,-0.015,-0.068,0.066,0.228,-0.278,-0.138,-30.0,-0.012,0.032,0.016,0.212,-30.0,-0.117,0.072,0.279,-0.329,-0.062,-0.034,-30.0,0.024,0.068,0.055,-0.012,-0.005,0.022,0.059,-0.353,-0.118,-30.0,0.191,-0.11,-30.0,-0.12,-0.142,-0.193,-30.0,0.29,0.038,-0.011,-30.0,-0.21,-0.112,-0.095,-0.049,0.006,-30.0,-0.095,-30.0,-0.071,0.019,-0.15,0.066,-0.151,-0.108,0.173,0.105,0.147,-30.0,0.233,-0.03,0.111,-0.066,-0.135,-0.046,0.077,-0.008,0.048,-0.047
0.032,0.334,0.124,0.031,-0.431,-0.284,-0.274,-0.513,0.24,0.138,-0.161,-0.061,-0.412,0.188,-30.0,0.007,-30.0,0.303,-0.411,0.058,0.038,-30.0,-0.318,-0.307,0.229,-0.378,0.156,0.003,-30.0,0.115,0.018,-0.265,0.019,-0.056,0.054,0.085,-0.152,0.071,-30.0,0.165,0.318,-30.0,0.522,-0.062,-0.394,-30.0,-0.113,-0.001,-0.001,-30.0,-0.096,0.504,0.023,-0.326,0.176,-30.0,-0.055,-30.0,-0.025,-0.21,0.013,0.09,-0.401,0.05,0.222,-0.315,0.131,-30.0,0.165,0.016,-0.313,0.266,-0.461,0.166,-0.402,-0.422,-0.453,-0.157
-0.002,0.027,-0.534,-0.017,0.046,0.038,-0.016,-0.418,-0.065,0.071,-0.504,0.067,0.114,0.083,0.055,-0.025,-30.0,0.032,-0.064,0.206,0.049,-30.0,0.006,-0.005,0.183,-0.501,0.051,-0.047,-30.0,0.195,-0.529,0.009,-0.01,-0.017,0.018,0.255,0.095,-0.485,-0.623,0.031,0.015,-30.0,-0.084,-0.024,-0.006,-30.0,0.132,0.005,0.016,-30.0,-0.547,-0.017,0.006,-0.006,-0.531,-30.0,0.046,-30.0,0.033,-0.502,0.005,0.048,-0.124,0.377,-0.009,-0.482,0.061,-30.0,0.287,-0.037,0.027,-0.03,-0.16,0.053,0.044,0.114,-0.068,-0.04
-0.069,-0.048,-0.526,0.008,-0.018,-0.371,-0.343,-0.652,-0.657,0.058,0.039,0.045,0.065,0.101,0.413,-0.002,-30.0,-0.072,-0.589,0.086,0.018,-30.0,-0.482,-0.002,0.152,-0.43,0.011,-0.537,-30.0,0.054,-0.511,0.02,0.0,-0.485,-0.002,0.001,-0.172,-0.057,0.179,0.1,-0.601,-30.0,0.14,-0.033,0.017,-30.0,0.232,-0.066,0.001,-30.0,-0.127,0.374,-0.002,-0.057,-0.52,-30.0,-0.042,-30.0,-0.034,-0.05,-0.054,0.059,-0.088,-0.002,-0.07,-0.416,0.205,-30.0,0.264,-0.015,-0.422,-0.05,-0.502,0.047,-0.041,0.241,-0.45,-0.03
-0.05,0.075,0.098,0.039,-0.055,0.101,-0.182,-0.863,-0.053,0.007,0.009,-0.068,0.135,0.281,-0.048,-0.012,-30.0,0.016,-0.166,0.334,0.129,-30.0,-0.054,-0.019,0.221,-0.037,0.051,-0.048,-30.0,-0.075,-0.124,0.048,-0.088,0.029,0.035,0.011,-0.003,-0.022,-30.0,0.087,-0.173,-30.0,-0.278,-0.095,-0.051,-30.0,0.097,-0.013,-0.012,-30.0,-0.073,0.0,-0.087,-0.074,0.003,-30.0,-0.015,-30.0,0.054,0.013,-0.034,0.042,-0.147,0.054,0.117,-0.005,0.038,-30.0,0.231,-0.057,-0.084,0.009,0.118,0.044,0.049,-0.129,-0.055,0.0
-0.047,0.018,-0.06,-0.056,-0.598,0.088,0.0,-0.166,-0.171,0.073,-0.261,-0.215,-0.065,0.323,-30.0,-30.0,-30.0,-0.038,0.038,0.047,0.238,-30.0,-0.086,-0.049,0.281,-0.4,-0.09,-0.124,-30.0,0.215,-0.095,-0.046,-0.023,-30.0,0.082,0.065,-30.0,-0.024,-30.0,0.271,-30.0,-30.0,-0.014,-0.204,-0.023,-30.0,0.046,0.157,-0.02,-30.0,-0.146,0.044,-0.124,0.09,-0.268,-30.0,-0.21,-30.0,-0.159,-0.267,0.009,0.128,-0.037,-0.202,-0.055,0.174,0.151,-30.0,0.269,-0.113,0.122,0.081,-0.186,-0.268,0.059,0.868,0.119,0.078
