418,3314,970,3418,472,3914,1302,4293,1680,3351,1763,3425,1700,850,2501,4337,2633,1100,2861,4321,2760,445,1852,1146,3365,2495,584,3359
0.276,-0.242,-0.154,0.054,0.206,-0.008,-0.201,-30.0,0.181,-0.066,-30.0,-30.0,0.258,-0.153,-0.134,-0.15,0.041,0.046,0.335,-0.055,-30.0,0.3,-0.021,-0.142,-0.095,-0.146,0.085,0.032
0.417,-0.152,-0.054,0.028,0.425,-0.08,-0.057,-30.0,0.008,-0.096,0.12,-0.059,0.068,-0.122,-0.067,-0.245,-0.079,0.209,-0.144,-0.2,0.2,0.5,0.146,-0.024,-0.115,0.012,-0.009,-0.087
0.267,-0.009,-0.035,0.148,0.289,0.048,-0.06,0.194,0.107,0.01,0.184,0.119,0.267,-0.112,-0.154,0.158,-0.019,-0.07,-0.156,0.18,-0.045,0.206,0.05,0.023,-0.117,-0.147,-0.08,0.167
0.127,-0.084,-0.007,-0.078,0.06,0.138,0.058,0.078,-0.07,-0.137,0.004,-0.1,0.148,-0.037,-0.029,0.115,0.107,-0.048,-0.036,0.13,0.088,0.019,0.055,-0.033,-0.293,-0.003,0.027,0.106
0.03,-0.05,-0.278,0.005,0.043,0.158,-0.105,-30.0,0.068,-0.108,0.04,0.038,0.034,-0.035,-0.02,-0.191,0.036,0.088,0.041,-0.025,0.118,-0.011,-0.044,0.06,-0.051,-0.055,0.021,0.089
0.473,-0.22,-0.23,0.164,1.212,0.288,-0.304,-0.051,-0.186,0.093,0.11,0.377,0.066,-0.04,-0.217,-0.147,0.036,0.122,0.013,-0.086,0.072,0.438,0.273,-0.165,-0.081,-0.162,-0.05,0.181
0.477,-0.271,-0.488,0.38,0.529,0.13,-0.157,0.24,0.074,-0.198,0.214,0.215,0.186,-0.463,0.079,0.255,0.83,0.423,0.16,0.356,-0.265,0.477,-0.12,-0.202,0.276,0.168,-0.159,-0.001
-0.045,-0.202,-0.345,0.177,-0.038,-0.025,-0.041,-0.013,-0.153,-0.131,-0.218,0.262,-0.075,-0.031,-0.33,0.216,-30.0,0.266,0.034,0.216,-0.014,-0.091,-0.257,-0.067,-0.219,0.031,0.244,-0.023
0.708,0.36,-0.253,0.185,0.318,-0.275,-0.199,-0.184,-0.105,0.242,0.408,-0.006,0.38,-0.057,0.19,-0.208,-0.024,0.287,0.393,-0.141,0.06,0.569,0.137,0.057,0.207,0.233,0.563,0.583
0.04,-0.009,-0.056,0.021,0.064,0.062,-0.04,-0.104,0.163,-0.083,0.346,-0.074,0.005,0.008,-0.093,-0.185,-0.005,-0.149,0.104,-0.091,0.135,-0.035,-0.062,-0.034,-0.177,0.207,0.06,0.07
0.106,-0.124,-0.182,0.071,0.152,-0.097,-0.05,0.026,-0.006,-0.099,0.131,-0.027,0.095,-0.079,0.067,0.036,0.032,0.022,0.015,0.077,0.065,0.096,-0.044,-0.032,-0.142,0.12,0.055,0.087
0.353,-0.229,-0.032,-0.034,0.416,-0.022,-0.166,-0.03,0.408,-0.147,0.02,-0.177,0.409,-0.211,0.012,0.029,-0.134,0.23,-0.091,0.04,-0.08,0.262,0.031,-0.127,-0.183,0.05,0.196,-0.037
0.25,-0.065,-0.053,0.114,0.275,0.123,0.015,0.009,-0.01,-0.035,0.022,0.215,0.021,-0.048,-0.016,0.069,0.04,-0.072,-0.127,0.039,0.042,0.215,0.034,0.034,-0.12,-0.003,-0.024,0.054
0.105,-0.097,-0.209,0.038,0.12,-0.008,0.126,-0.108,-0.084,0.004,0.07,-0.145,0.132,-0.095,-30.0,-0.183,0.132,0.148,-0.279,-0.161,0.134,0.071,0.145,-0.097,-0.139,0.047,0.042,0.074
0.256,-0.097,0.003,0.103,0.211,-0.05,-0.065,0.017,0.036,-0.024,-0.029,0.096,0.117,0.007,-0.069,-0.007,0.127,0.012,-0.087,0.12,0.163,0.244,0.022,0.042,-0.04,-0.065,-0.229,-0.008
0.245,-0.171,-0.091,0.164,0.484,-0.006,0.011,-0.03,0.007,-0.031,-0.176,0.137,0.101,0.144,-0.028,-0.018,-0.122,0.086,-0.169,0.002,-0.092,0.314,-0.193,0.112,-0.1,-0.021,0.016,-0.19
0.321,-0.352,0.203,0.252,0.397,0.108,0.011,-0.437,0.224,-0.166,-0.29,0.309,0.256,-0.156,-0.576,-0.539,0.372,0.166,0.071,-0.504,-0.151,0.241,-0.382,0.111,-0.341,-0.055,-0.175,-0.32
0.374,-0.03,0.036,-0.051,0.643,-0.016,-0.452,0.022,0.026,-0.075,0.006,-0.002,-0.002,-0.021,0.021,0.09,-0.251,-0.025,-0.069,0.133,-0.248,0.746,-0.011,-0.072,-0.109,0.005,0.043,0.036
0.511,-0.227,0.083,0.24,0.384,0.288,-0.315,-0.189,0.107,-0.172,-0.48,0.182,0.049,-0.204,-0.226,-0.156,0.02,0.051,0.152,-0.147,0.081,0.453,0.05,-0.317,-0.319,-0.228,-0.238,-0.077
0.122,-0.084,-0.349,-0.027,0.008,0.024,0.04,0.129,-0.215,0.042,-0.076,-0.001,-0.008,0.011,-0.392,0.024,0.084,0.006,-0.028,-0.005,0.194,0.036,-0.293,-0.025,-0.129,-0.381,-0.009,0.114
0.192,0.202,-0.116,-0.213,0.172,0.142,0.235,-0.003,-0.064,0.236,-0.124,-0.051,-0.076,0.076,0.005,-0.134,-0.104,0.348,0.083,-0.192,0.112,0.186,-0.146,-0.219,0.033,-0.05,0.154,0.439
0.693,-0.069,-0.093,0.21,0.617,0.096,0.024,0.013,-0.141,-0.053,-0.047,0.161,-0.051,-0.035,-0.003,-0.106,-0.05,-0.109,0.398,-0.142,-0.147,0.616,0.009,0.057,-0.188,-0.041,-0.04,0.108
0.302,-0.188,-0.277,-0.116,0.139,-0.019,0.178,0.029,-0.203,0.004,-0.204,-0.119,-0.094,0.066,1.067,0.183,-0.206,-0.385,0.115,0.131,-0.148,0.122,-0.058,-0.312,-0.074,0.097,0.159,0.07
0.772,-0.287,-0.314,-0.38,-0.13,0.114,-0.388,-0.286,0.036,-0.294,0.082,-0.546,-0.212,0.181,0.338,-0.158,0.843,0.953,-0.406,-0.11,-0.61,-0.164,-0.731,0.097,-0.635,0.466,-0.21,-0.232
0.055,0.071,-0.185,-0.064,0.331,-0.244,-0.099,-0.005,-0.15,0.041,-0.067,-0.073,-0.075,-0.031,-0.068,0.097,-0.119,0.212,0.127,-0.022,0.026,-0.007,-0.055,0.058,-0.041,-0.057,0.024,0.148
0.121,-30.0,0.317,0.227,0.476,0.05,-30.0,0.286,-30.0,-0.11,-30.0,0.096,0.039,0.186,-30.0,-30.0,0.273,0.16,-0.372,0.048,0.004,0.036,-0.072,-0.221,-0.053,0.6,0.081,-0.13
0.339,-0.265,-0.277,-0.537,0.134,0.135,-0.312,0.211,-0.346,-0.278,-0.285,-0.113,-0.307,0.211,0.031,0.339,-0.168,-0.061,0.672,0.227,0.125,0.21,-0.206,0.121,-0.292,0.041,0.291,-0.159
0.188,-0.223,-0.098,0.018,0.161,-0.086,-0.232,-0.209,0.197,-0.089,-0.095,-0.073,0.084,0.084,-0.125,-0.196,-0.236,-0.016,0.074,-0.232,0.124,0.161,-0.003,-0.217,-0.23,-0.023,0.113,-0.161
0.318,-0.096,-0.405,-0.133,0.245,0.02,-0.33,-0.117,0.121,-0.216,0.026,0.015,-0.045,0.063,0.099,-0.017,0.01,0.523,0.636,-0.2,-0.263,0.342,0.041,-0.027,-0.274,0.099,0.071,-0.23
0.22,-0.001,-0.024,-0.071,0.14,-0.007,-0.166,-30.0,0.122,-0.04,0.14,-0.046,-0.101,-0.061,-0.014,0.05,0.0,0.04,0.003,0.053,-0.072,0.238,0.066,-0.035,-0.192,0.042,0.045,0.144
0.155,-30.0,-0.142,-30.0,-30.0,0.183,-0.124,-30.0,0.043,-0.164,-30.0,0.105,-0.033,0.006,-30.0,-30.0,-30.0,-30.0,0.081,-0.031,0.124,-30.0,-0.04,-0.121,0.1,0.052,0.002,0.079
-0.01,-0.085,-0.065,0.218,0.106,-0.033,-0.016,0.11,0.015,0.081,-0.043,0.102,0.095,0.028,-0.136,-0.095,0.067,-0.093,-0.078,0.097,-0.229,0.103,-0.303,0.081,0.023,-0.108,-0.019,0.035
-0.005,-30.0,-0.588,0.03,-30.0,-0.132,1.104,-1.111,0.479,-0.163,-30.0,-0.286,0.071,0.051,-0.098,-0.511,0.106,0.427,0.424,-0.605,0.511,0.087,-0.361,-0.523,0.271,-0.001,0.004,0.169
0.274,-0.012,0.022,-0.11,0.152,-0.104,-0.313,0.0,0.074,-0.021,-0.042,-0.042,-0.043,0.013,0.022,0.06,-0.086,-0.048,0.032,-0.079,-0.013,0.274,-0.044,-0.329,-0.146,-0.073,-0.009,0.117
0.081,-0.15,0.016,0.109,0.236,0.232,0.106,0.207,0.116,-0.024,-0.048,0.29,0.271,-0.067,-0.008,0.066,0.159,-0.041,-0.075,0.209,-0.081,-0.04,0.068,0.14,-0.067,-0.251,-0.041,0.066
0.052,-0.109,0.279,-0.019,0.184,-0.086,-0.206,-0.058,0.202,0.088,0.852,-0.138,0.046,0.022,0.036,-0.069,0.431,0.043,-0.201,-0.098,-0.052,0.064,-0.058,-0.362,0.05,0.404,0.407,0.296
0.417,-0.251,-0.379,-0.058,0.32,0.059,-0.049,0.039,0.005,0.0,0.015,0.104,-0.009,-0.092,-0.357,-0.003,0.032,0.019,0.017,0.052,0.031,0.423,0.064,-0.101,-0.045,-0.375,0.004,0.114
0.155,-0.201,-0.187,-0.097,0.246,-0.055,-0.255,0.017,0.159,0.175,-0.016,-0.082,0.004,0.015,-0.249,0.104,0.246,0.265,0.194,0.095,0.021,0.221,-0.057,-0.295,0.101,-0.256,0.286,0.321
0.094,-0.141,-0.03,-0.096,0.092,-0.051,-0.175,-0.086,0.208,0.0,-0.011,0.065,0.236,-0.063,-0.05,-0.052,-0.068,-0.013,0.233,-0.084,0.264,0.071,-0.116,-0.108,-0.13,-0.012,-0.005,0.04
0.534,-0.087,-0.087,0.023,0.986,0.354,0.165,-0.176,-0.094,0.332,-0.006,0.001,0.223,-0.034,-0.168,-0.281,-0.076,-0.002,0.106,-0.21,0.083,0.593,-0.023,-0.162,-0.229,0.278,-0.016,-0.07
0.196,-0.07,-0.079,0.259,0.067,0.06,-0.026,0.172,-0.085,-0.039,-0.119,0.323,-0.102,-0.299,0.036,-0.075,0.016,0.072,-0.071,0.004,0.184,0.168,-0.181,-0.187,-0.087,0.136,-0.039,0.076
0.267,0.053,-0.375,0.117,0.55,-0.145,-0.376,-0.016,0.12,-0.312,-30.0,0.101,0.135,-0.324,0.036,0.011,-30.0,0.23,-0.09,0.013,-30.0,0.324,-0.45,-0.315,-0.077,0.034,-0.422,0.11
0.644,-0.089,-0.171,0.253,0.837,0.04,-0.056,-0.299,0.317,-0.06,-30.0,0.213,0.306,0.039,-0.149,-0.114,-30.0,-0.137,1.078,-0.22,-30.0,0.609,0.156,0.085,-0.131,0.071,-0.081,-0.082
0.353,-0.026,-0.031,0.136,0.655,-0.108,-0.042,0.018,0.261,0.066,-30.0,0.162,0.193,-0.023,0.016,0.146,-30.0,0.187,-0.066,0.058,-30.0,0.43,-0.114,-0.006,-0.086,-0.109,-0.044,0.073
0.804,-0.19,0.071,0.31,0.919,-0.116,-0.13,0.125,-0.001,-0.047,-0.019,0.21,0.038,-0.132,0.009,0.129,-0.141,-0.057,-0.226,0.169,-30.0,0.812,-0.154,-0.053,-0.268,0.062,-0.163,0.001
0.492,-0.018,-30.0,0.358,0.578,0.112,0.063,-30.0,0.161,0.02,0.107,0.205,0.112,-0.013,-0.062,-0.016,-0.031,-0.101,-0.496,0.103,-30.0,0.406,0.009,0.109,-0.176,-0.056,-0.035,0.079
-30.0,-30.0,-30.0,-30.0,-30.0,-30.0,-30.0,-30.0,0.077,-30.0,-30.0,0.072,-0.001,-30.0,-30.0,-30.0,-30.0,-30.0,-30.0,-30.0,-30.0,-30.0,-30.0,-30.0,-30.0,-30.0,-30.0,-30.0
0.324,-30.0,-0.053,0.213,-30.0,0.131,-0.112,0.014,-0.17,0.28,-30.0,0.084,-0.032,0.017,-0.039,-0.026,-30.0,0.464,0.03,0.037,-30.0,0.469,-0.252,0.054,-30.0,-0.049,-0.003,0.306
0.063,-0.077,-0.433,0.089,0.115,0.097,-0.008,0.161,0.15,-0.029,0.192,0.162,0.131,-0.08,-0.52,0.012,0.114,-0.027,-0.031,0.194,-0.215,0.142,0.028,0.037,-0.061,-0.476,-0.031,0.105
0.203,0.033,-30.0,-30.0,-30.0,-30.0,-30.0,-30.0,-0.08,-30.0,-30.0,-30.0,-30.0,0.031,0.007,-30.0,-30.0,-0.192,-0.165,-0.126,-30.0,-30.0,-30.0,0.342,-0.104,-0.06,-0.284,-30.0
0.229,0.084,-0.48,0.018,0.441,0.041,0.13,-30.0,0.12,0.184,-0.267,0.246,-30.0,-0.072,-0.067,-0.036,0.17,0.189,0.204,0.022,-30.0,0.227,-0.295,-0.174,-0.167,-0.031,0.255,0.28
0.518,-0.241,-0.058,0.304,0.669,0.239,-0.128,0.18,0.415,-0.04,0.1,0.229,-30.0,-0.02,-0.218,0.13,0.14,0.091,-0.362,0.24,-30.0,0.563,-0.041,0.036,-0.181,-0.216,0.031,-0.005
0.13,-0.041,0.037,-0.07,0.107,-0.087,-0.107,-0.087,0.184,0.016,-30.0,-0.1,0.044,-0.067,0.009,-0.087,-30.0,-0.078,-0.064,-0.143,-30.0,0.191,-0.08,-0.12,-0.226,-0.095,0.114,0.153
0.15,-30.0,-0.303,0.384,-30.0,-0.066,-0.232,-0.105,0.123,0.065,-30.0,0.166,-0.013,0.0,-0.027,-0.061,0.105,-30.0,0.021,0.02,-0.006,0.202,-0.053,0.007,-0.039,-0.016,0.037,0.024
0.105,-30.0,-0.009,0.373,-30.0,-0.065,-0.103,0.054,0.202,0.045,-30.0,0.047,-0.057,-0.046,-0.105,-0.045,0.107,-0.031,-0.016,0.055,0.035,0.347,-0.199,-0.089,0.185,-0.056,-0.079,0.09
0.343,-30.0,-0.064,0.748,-30.0,0.27,-0.277,0.102,0.048,-0.069,-30.0,0.159,-0.113,0.117,0.063,-0.353,0.121,0.025,-0.047,-0.304,0.057,0.549,-30.0,-0.228,-30.0,0.159,0.159,-0.074
0.188,-0.043,-30.0,0.048,0.268,0.088,0.068,-0.081,0.197,0.066,-30.0,-0.045,0.19,0.037,-0.139,-0.081,-30.0,0.056,-0.34,-0.119,-30.0,0.117,-0.091,0.153,-0.181,0.113,0.153,0.099
0.291,-30.0,-0.19,0.718,-30.0,0.032,-0.325,-30.0,-0.139,0.057,-30.0,0.319,-0.122,-0.045,-0.226,0.111,0.006,-0.157,-0.083,0.344,-0.111,0.334,-0.232,0.01,-30.0,-0.301,-0.074,-0.078
0.323,-0.081,-0.007,-30.0,-30.0,0.143,-30.0,-30.0,0.354,0.141,-30.0,-30.0,-30.0,-0.178,0.153,0.077,0.295,0.135,-0.009,0.235,-30.0,0.352,-0.316,0.109,-0.081,0.02,-0.182,0.031
0.425,-0.072,-0.121,-0.18,0.146,-0.163,-0.276,-0.562,0.305,-0.025,-30.0,-0.171,0.162,0.13,0.302,-0.506,-30.0,0.288,0.312,-0.503,-30.0,-0.022,0.378,-0.505,-0.183,0.491,0.221,0.049
0.139,-0.027,-0.575,-0.073,0.153,-0.043,0.161,0.038,0.109,0.709,-30.0,-0.075,0.098,-0.007,-0.027,0.004,-30.0,0.227,-0.024,0.034,-30.0,0.053,-0.034,-0.319,-0.227,0.044,-0.01,-0.229
0.136,-0.14,-0.387,0.026,0.054,0.488,-0.185,0.151,0.034,-0.11,-0.095,0.116,-0.015,-0.056,-0.202,0.009,-0.001,-0.072,-0.028,0.109,-0.048,0.114,0.014,-0.031,-0.111,-0.054,0.051,-0.067
0.003,0.004,-0.058,0.31,0.232,0.128,-0.036,-0.029,0.156,0.063,-30.0,0.241,0.088,0.004,-0.056,-0.04,-30.0,-0.101,-0.108,0.072,-30.0,-0.01,-0.063,0.131,-0.028,-0.001,0.035,0.057
0.108,0.015,-0.373,0.083,0.113,0.028,0.074,-0.04,0.295,0.106,-30.0,0.088,-30.0,0.011,0.025,0.008,-30.0,-0.111,0.003,-0.002,-30.0,0.013,-0.134,-0.049,-0.143,0.04,0.053,0.184
0.3,-30.0,-0.075,-30.0,-30.0,-0.052,-0.107,-0.052,-0.055,0.135,-30.0,0.146,-0.026,0.0,-0.044,-0.002,-30.0,-0.087,-0.227,0.071,-30.0,0.364,-30.0,0.153,-30.0,-0.048,-0.054,0.026
0.267,-30.0,-0.147,0.458,-30.0,-0.042,-0.165,-0.109,0.023,0.051,0.23,0.118,-0.024,0.026,0.114,-0.117,-0.021,-0.117,-0.249,-0.024,-0.067,0.275,-0.149,0.113,0.164,0.121,-0.059,-0.074
0.288,-0.005,-0.271,-0.069,0.368,-0.106,-0.111,-0.023,0.035,-0.126,-30.0,0.03,0.062,0.005,-0.246,0.076,-30.0,-0.077,0.155,0.013,-30.0,0.289,-0.116,-0.292,-0.301,-0.004,0.093,-0.03
0.061,-0.02,-0.188,0.102,0.043,0.056,0.119,0.006,0.006,0.034,-30.0,0.023,0.245,-0.099,0.001,-0.007,-30.0,0.077,0.11,-0.066,-30.0,0.057,-0.129,0.011,-0.087,-0.009,-0.1,0.151
0.322,-0.133,-0.025,0.229,0.473,0.17,0.012,0.062,0.118,-0.062,-30.0,0.21,0.309,-0.218,0.003,-0.088,-30.0,0.06,0.044,0.009,-30.0,0.335,-0.061,0.05,-0.115,0.046,-0.087,-0.021
0.548,-0.062,-0.142,0.09,0.392,0.326,-0.088,-30.0,0.288,-0.002,-30.0,0.048,-30.0,-0.079,0.298,0.041,-30.0,0.151,-0.164,-0.263,-30.0,0.265,-0.13,-30.0,-0.115,0.372,-0.295,0.088
0.449,-0.067,-0.209,0.051,0.299,-0.094,0.093,-0.207,0.032,0.2,-30.0,-0.035,0.117,-0.015,-0.214,-0.146,-30.0,-0.007,-0.056,-0.268,-30.0,0.262,-0.091,-0.136,-0.008,0.047,0.063,0.38
0.113,0.026,-0.046,0.081,0.184,-0.028,0.016,-0.037,0.111,0.028,-30.0,0.069,0.061,-0.03,-0.052,0.053,-30.0,-0.101,-0.046,0.02,-30.0,0.07,-0.081,0.036,-0.094,-0.015,0.007,0.195
0.064,-0.106,0.545,-0.101,0.004,0.012,-0.17,0.238,0.107,-0.146,-30.0,-0.09,0.04,0.248,0.234,0.401,-30.0,0.03,0.132,0.395,-30.0,0.124,-0.083,-0.147,-0.205,0.191,0.128,-0.057
0.274,0.037,-0.433,0.141,0.801,0.122,-30.0,-0.035,0.014,0.129,-30.0,0.507,0.085,-0.089,-0.287,-0.107,-30.0,0.094,-0.052,-0.051,-30.0,0.431,-0.302,0.215,0.018,-0.293,0.08,0.204
0.424,-0.102,0.131,0.095,0.554,0.116,0.005,-0.363,0.051,-0.027,-30.0,0.265,0.194,-0.169,-0.088,-0.403,-30.0,0.029,-0.498,-0.319,-30.0,0.433,-0.051,0.136,-0.188,-0.016,-0.087,-0.027
0.085,-0.03,-0.121,0.175,0.245,-0.004,0.074,0.005,0.235,0.063,-30.0,0.118,0.224,-0.017,-0.015,-0.023,-30.0,-0.09,-0.1,0.073,-30.0,0.044,-0.049,0.156,-0.032,0.005,0.015,0.156
-0.035,-0.048,-0.457,0.754,0.768,0.354,-30.0,-30.0,0.256,-0.188,-30.0,0.489,0.36,-0.099,-0.569,-0.059,-30.0,0.139,0.128,0.066,-30.0,0.029,0.144,-0.24,-0.103,-0.49,0.007,-0.082
0.477,-0.278,-0.17,0.142,0.607,0.025,-0.035,-0.149,0.142,-0.22,-30.0,-0.049,0.157,0.028,0.071,-0.117,-30.0,-0.179,-0.208,-0.069,-30.0,0.485,0.075,-0.166,-0.254,0.094,0.015,-0.153
0.326,-0.075,0.033,0.101,0.207,-0.066,0.026,0.352,0.282,-0.05,-30.0,0.062,0.266,-0.125,-0.129,0.209,-30.0,0.086,0.061,0.284,-30.0,0.393,0.017,-0.023,-0.173,-0.11,-0.054,-0.015
0.186,-0.11,-0.09,0.257,0.237,-0.056,-0.048,-0.082,0.194,-0.036,-30.0,0.161,0.116,-0.085,-30.0,-0.043,-30.0,-0.044,-0.095,0.097,-30.0,0.249,-0.059,0.119,-0.167,-0.082,-0.13,0.017
0.1,-0.147,0.077,0.602,0.76,-0.065,-30.0,-30.0,-0.048,0.068,-30.0,0.653,-30.0,-0.002,0.21,-0.192,-30.0,-0.07,0.229,0.396,-30.0,0.152,0.375,0.578,0.261,-1.162,-0.09,0.065
-0.079,-0.095,-0.099,0.187,0.587,0.158,-0.035,-0.076,-0.14,-0.012,-30.0,0.281,0.124,-0.142,-0.131,-0.134,-30.0,0.239,-0.075,-0.133,-30.0,0.591,0.165,-0.177,-0.101,0.034,0.026,0.059
0.15,-0.339,-0.354,-0.166,0.103,0.191,0.105,0.051,0.254,-0.109,-30.0,-0.022,0.201,0.007,0.002,-0.286,-30.0,0.49,-0.295,-0.229,-30.0,0.172,-0.25,-0.239,-0.232,0.085,-0.023,-0.203
0.373,-0.053,-0.081,0.204,0.604,-0.079,-0.011,-0.033,0.072,-0.006,-30.0,0.365,0.083,-0.013,-0.082,-0.008,-30.0,-0.122,-0.205,0.023,-30.0,0.435,-0.136,0.113,-0.194,-0.02,-0.037,0.029
0.297,-30.0,-0.073,0.303,-30.0,-0.075,-0.123,-0.026,-0.036,-0.078,-30.0,0.026,-0.075,-0.028,-0.102,0.041,0.026,-0.096,-30.0,0.007,-0.028,0.387,0.021,-0.048,0.115,-0.115,0.011,-0.023
0.09,0.048,-0.037,0.351,0.224,-0.1,0.089,-0.113,0.066,0.05,-30.0,0.18,0.128,-0.029,0.002,0.021,-30.0,0.011,-0.686,-0.054,-30.0,-0.018,-0.07,0.11,-0.141,0.007,0.016,0.096
0.41,0.045,-0.383,0.128,0.718,0.509,0.052,-1.028,0.217,0.062,-30.0,0.222,0.147,0.091,-0.444,-0.389,-30.0,0.586,-0.355,-0.272,-30.0,0.773,-0.284,-0.277,-0.09,-0.092,0.106,0.247
0.246,-0.075,-0.072,0.198,0.228,0.1,0.179,-0.048,-0.02,0.014,-0.017,0.119,-0.026,0.0,-0.036,0.026,-0.004,-0.061,0.163,0.036,-0.089,0.132,-0.04,0.174,-0.103,-0.025,-0.046,-0.042
0.246,-30.0,-0.021,0.278,-30.0,-0.141,-0.11,-0.15,-0.004,-0.044,-30.0,0.162,-0.019,-0.016,0.074,-0.175,0.283,0.069,-0.09,-0.216,-0.009,0.501,0.171,0.046,0.115,0.098,0.013,0.066
0.088,0.006,-0.034,0.126,0.267,-0.041,0.069,-0.061,0.481,0.056,-30.0,0.111,0.557,0.003,-0.004,-0.005,-30.0,-0.056,-0.161,0.018,-30.0,0.103,-0.243,0.137,-0.1,0.022,-0.007,0.07
0.08,-0.124,-0.025,0.205,0.05,0.117,-0.067,-30.0,-0.088,0.01,0.054,0.187,0.12,-0.082,0.009,-0.04,0.009,0.002,-0.078,0.116,0.064,0.015,-0.029,0.128,-0.189,-0.08,-0.045,0.031
0.214,-0.305,-0.052,0.052,0.425,0.133,-0.145,-0.137,0.134,0.044,-30.0,0.129,0.635,-0.101,0.228,-0.372,-30.0,-0.293,1.216,-0.263,-30.0,0.37,-0.315,-0.269,0.11,-0.013,0.307,0.471
0.268,-0.234,-0.092,0.067,0.626,0.035,-0.02,-0.101,0.078,-0.186,-30.0,0.259,0.165,-0.055,0.071,-0.237,-30.0,0.016,-0.085,-0.203,-30.0,0.2,-0.19,-0.055,0.031,0.07,0.088,-0.072
-0.079,-0.095,-0.098,0.187,0.586,0.158,-0.035,-0.076,-0.14,-0.013,-30.0,0.281,0.124,-0.142,-0.131,-0.134,-30.0,0.239,-0.075,-0.133,-30.0,0.591,0.168,-0.178,-0.101,0.034,0.026,0.058
0.16,0.023,-0.089,0.134,0.156,-0.111,0.101,-0.081,0.108,0.033,-30.0,0.052,0.131,0.056,-0.046,-0.007,-30.0,-0.051,-0.156,-0.021,-30.0,-0.018,-0.058,0.044,-0.142,0.027,0.035,0.056
0.141,-0.082,-0.177,0.278,0.218,-0.078,-0.099,-0.08,0.237,-0.011,-30.0,0.146,0.128,-0.079,0.018,0.101,-30.0,-0.113,0.027,0.068,-30.0,0.069,-0.028,0.175,-0.113,0.048,0.01,-0.016
0.162,-0.024,-0.01,0.071,0.184,-0.051,-0.046,-0.097,0.376,0.037,-30.0,0.195,0.096,0.009,-0.073,0.047,-30.0,-0.058,-0.135,0.013,-30.0,0.177,-0.372,-0.046,-0.132,0.045,-0.044,0.083
0.196,-0.118,-0.146,0.148,0.252,0.129,0.003,-0.213,0.126,-0.065,-30.0,0.131,0.119,0.025,0.153,-0.067,-30.0,0.137,-0.145,0.105,-30.0,0.148,-0.187,0.112,-0.216,0.185,0.141,-0.037
0.13,-0.026,-0.103,0.118,0.186,-0.069,0.008,-0.013,0.117,-0.005,-30.0,0.022,0.087,0.02,-0.042,0.004,-30.0,0.01,-0.06,0.019,-30.0,0.132,-0.022,-0.029,-0.124,-0.148,-0.011,0.126
0.272,-0.285,0.102,0.04,0.341,0.022,-0.098,-0.301,-0.032,0.114,-30.0,0.105,-0.254,-0.059,0.04,-0.262,-30.0,-0.019,-0.082,-0.291,-30.0,0.103,-0.266,-0.072,0.034,-0.171,-0.095,0.169
0.052,0.016,-0.031,0.31,0.015,0.08,0.039,0.004,0.102,0.025,-30.0,0.188,0.031,-0.015,-0.019,0.008,-30.0,-0.084,-0.104,0.022,-30.0,0.067,-0.057,0.005,-0.126,0.017,0.02,0.127
0.334,-0.124,-0.046,0.252,0.448,-30.0,0.171,-0.088,0.175,-30.0,-30.0,0.072,0.192,-0.177,-30.0,0.541,-30.0,0.036,-30.0,-0.057,-30.0,0.396,-0.123,0.105,-0.204,0.099,-0.117,0.035
0.106,-0.086,0.101,0.103,0.185,-0.01,-0.022,-0.061,-0.019,0.141,-30.0,0.054,0.133,-0.072,-0.026,0.124,-30.0,-0.168,-0.157,0.101,-30.0,0.077,0.017,0.087,-0.217,0.065,-0.003,0.067
0.043,-0.034,-0.417,0.235,0.165,0.07,-0.371,0.036,0.053,-0.014,-30.0,0.151,0.09,-0.393,1.809,0.006,-30.0,0.306,0.213,0.036,-30.0,0.086,-0.065,-0.321,-0.14,-0.219,0.048,0.207
0.089,0.37,-0.038,0.043,0.067,0.183,0.067,0.127,0.1,0.267,-30.0,0.329,0.061,-0.506,0.036,0.041,-30.0,-0.053,0.016,0.033,-30.0,0.109,0.303,0.057,0.075,-0.006,0.023,0.494
0.071,-0.007,-0.434,0.136,0.105,0.146,-0.421,0.074,0.027,-0.119,-30.0,0.106,0.128,-0.08,-0.012,0.001,-30.0,0.309,0.012,0.093,-30.0,0.076,-0.018,0.055,-0.126,-0.121,-0.025,0.135
0.278,0.009,-0.18,0.201,0.412,0.027,0.015,-0.04,0.114,0.045,-30.0,0.135,0.18,-0.042,0.029,0.056,-30.0,-0.085,-0.037,0.032,-30.0,0.292,-0.012,0.008,-0.096,-0.089,-0.015,0.051
0.344,-0.067,0.108,0.215,0.531,0.012,0.113,-0.188,-0.065,0.016,-30.0,0.08,0.135,0.07,0.042,-0.11,-30.0,0.034,-0.087,0.014,-30.0,0.277,-0.206,0.032,0.031,0.046,-0.05,-0.009
